<?xml version="1.0" encoding="utf-8"?>
<COLLADA xmlns="http://www.collada.org/2005/11/COLLADASchema" version="1.4.1">
  <asset>
    <contributor>
      <author>Mixamo</author>
      <authoring_tool>COLLADA Mixamo exporter</authoring_tool>
      <comments/>
    </contributor>
    <created>2024-07-27T15:58:58Z</created>
    <modified>2024-07-27T15:58:58Z</modified>
    <revision/>
    <title/>
    <unit meter="0.010000"/>
    <up_axis>Y_UP</up_axis>
  </asset>
  <library_animations>
    <animation id="mixamorig_Hips-anim" name="mixamorig_Hips">
      <source id="mixamorig_Hips-Matrix-animation-input">
        <float_array id="mixamorig_Hips-Matrix-animation-input-array" count="455">

0.000000 0.033333 0.066667 0.100000 0.133333 0.166667 0.200000 0.233333 0.266667 0.300000 0.333333 0.366667 0.400000 0.433333 0.466667 0.500000
0.533333 0.566667 0.600000 0.633333 0.666667 0.700000 0.733333 0.766667 0.800000 0.833333 0.866667 0.900000 0.933333 0.966667 1.000000 1.033333
1.066667 1.100000 1.133333 1.166667 1.200000 1.233333 1.266667 1.300000 1.333333 1.366667 1.400000 1.433333 1.466667 1.500000 1.533333 1.566667
1.600000 1.633333 1.666667 1.700000 1.733333 1.766667 1.800000 1.833333 1.866667 1.900000 1.933333 1.966667 2.000000 2.033333 2.066667 2.100000
2.133333 2.166667 2.200000 2.233333 2.266667 2.300000 2.333333 2.366667 2.400000 2.433333 2.466667 2.500000 2.533333 2.566667 2.600000 2.633333
2.666667 2.700000 2.733333 2.766667 2.800000 2.833333 2.866667 2.900000 2.933333 2.966667 3.000000 3.033333 3.066667 3.100000 3.133333 3.166667
3.200000 3.233333 3.266667 3.300000 3.333333 3.366667 3.400000 3.433333 3.466667 3.500000 3.533333 3.566667 3.600000 3.633333 3.666667 3.700000
3.733333 3.766667 3.800000 3.833333 3.866667 3.900000 3.933333 3.966667 4.000000 4.033333 4.066667 4.100000 4.133333 4.166667 4.200000 4.233333
4.266667 4.300000 4.333333 4.366667 4.400000 4.433333 4.466667 4.500000 4.533333 4.566667 4.600000 4.633333 4.666667 4.700000 4.733333 4.766667
4.800000 4.833333 4.866667 4.900000 4.933333 4.966667 5.000000 5.033333 5.066667 5.100000 5.133333 5.166667 5.200000 5.233333 5.266667 5.300000
5.333333 5.366667 5.400000 5.433333 5.466667 5.500000 5.533333 5.566667 5.600000 5.633333 5.666667 5.700000 5.733333 5.766667 5.800000 5.833333
5.866667 5.900000 5.933333 5.966667 6.000000 6.033333 6.066667 6.100000 6.133333 6.166667 6.200000 6.233333 6.266667 6.300000 6.333333 6.366667
6.400000 6.433333 6.466667 6.500000 6.533333 6.566667 6.600000 6.633333 6.666667 6.700000 6.733333 6.766667 6.800000 6.833333 6.866667 6.900000
6.933333 6.966667 7.000000 7.033333 7.066667 7.100000 7.133333 7.166667 7.200000 7.233333 7.266667 7.300000 7.333333 7.366667 7.400000 7.433333
7.466667 7.500000 7.533333 7.566667 7.600000 7.633333 7.666667 7.700000 7.733333 7.766667 7.800000 7.833333 7.866667 7.900000 7.933333 7.966667
8.000000 8.033333 8.066667 8.100000 8.133333 8.166667 8.200000 8.233333 8.266667 8.300000 8.333333 8.366667 8.400000 8.433333 8.466667 8.500000
8.533333 8.566667 8.600000 8.633333 8.666667 8.700000 8.733333 8.766667 8.800000 8.833333 8.866667 8.900000 8.933333 8.966667 9.000000 9.033333
9.066667 9.100000 9.133333 9.166667 9.200000 9.233333 9.266667 9.300000 9.333333 9.366667 9.400000 9.433333 9.466667 9.500000 9.533333 9.566667
9.600000 9.633333 9.666667 9.700000 9.733333 9.766667 9.800000 9.833333 9.866667 9.900000 9.933333 9.966667 10.000000 10.033333 10.066667 10.100000
10.133333 10.166667 10.200000 10.233333 10.266667 10.300000 10.333333 10.366667 10.400000 10.433333 10.466667 10.500000 10.533333 10.566667 10.600000 10.633333
10.666667 10.700000 10.733333 10.766667 10.800000 10.833333 10.866667 10.900000 10.933333 10.966667 11.000000 11.033333 11.066667 11.100000 11.133333 11.166667
11.200000 11.233333 11.266667 11.300000 11.333333 11.366667 11.400000 11.433333 11.466667 11.500000 11.533333 11.566667 11.600000 11.633333 11.666667 11.700000
11.733333 11.766667 11.800000 11.833333 11.866667 11.900000 11.933333 11.966667 12.000000 12.033333 12.066667 12.100000 12.133333 12.166667 12.200000 12.233333
12.266667 12.300000 12.333333 12.366667 12.400000 12.433333 12.466667 12.500000 12.533333 12.566667 12.600000 12.633333 12.666667 12.700000 12.733333 12.766667
12.800000 12.833333 12.866667 12.900000 12.933333 12.966667 13.000000 13.033333 13.066667 13.100000 13.133333 13.166667 13.200000 13.233333 13.266667 13.300000
13.333333 13.366667 13.400000 13.433333 13.466667 13.500000 13.533333 13.566667 13.600000 13.633333 13.666667 13.700000 13.733333 13.766667 13.800000 13.833333
13.866667 13.900000 13.933333 13.966667 14.000000 14.033333 14.066667 14.100000 14.133333 14.166667 14.200000 14.233333 14.266667 14.300000 14.333333 14.366667
14.400000 14.433333 14.466667 14.500000 14.533333 14.566667 14.600000 14.633333 14.666667 14.700000 14.733333 14.766667 14.800000 14.833333 14.866667 14.900000
14.933333 14.966667 15.000000 15.033333 15.066667 15.100000 15.133333</float_array>
        <technique_common>
          <accessor source="#mixamorig_Hips-Matrix-animation-input-array" count="455">
            <param name="TIME" type="float"/>
          </accessor>
        </technique_common>
      </source>
      <source id="mixamorig_Hips-Matrix-animation-output-transform">
        <float_array id="mixamorig_Hips-Matrix-animation-output-transform-array" count="7280">

0.998634 -0.048887 -0.018453 0.691135 0.049734 0.997577 0.048644 94.859955 0.016031 -0.049495 0.998646 -0.396628 0.000000 0.000000 0.000000 1.000000
0.998600 -0.049317 -0.019124 0.708303 0.050200 0.997545 0.048815 94.849640 0.016670 -0.049707 0.998625 -0.325675 0.000000 0.000000 0.000000 1.000000
0.998566 -0.049748 -0.019796 0.725472 0.050666 0.997514 0.048986 94.839317 0.017309 -0.049919 0.998603 -0.254722 0.000000 0.000000 0.000000 1.000000
0.998523 -0.050372 -0.020349 0.747460 0.051322 0.997469 0.049210 94.823120 0.017819 -0.050182 0.998581 -0.178682 0.000000 0.000000 0.000000 1.000000
0.998473 -0.051059 -0.021110 0.784801 0.052060 0.997393 0.049965 94.797356 0.018504 -0.050988 0.998528 -0.086368 0.000000 0.000000 0.000000 1.000000
0.998389 -0.052820 -0.020734 0.821160 0.053801 0.997300 0.049991 94.754433 0.018037 -0.051026 0.998534 0.004766 0.000000 0.000000 0.000000 1.000000
0.998216 -0.057011 -0.017723 0.838325 0.057800 0.997183 0.047802 94.686325 0.014948 -0.048741 0.998700 0.082171 0.000000 0.000000 0.000000 1.000000
0.997987 -0.062065 -0.013016 0.843633 0.062587 0.997045 0.044535 94.601532 0.010214 -0.045260 0.998923 0.132995 0.000000 0.000000 0.000000 1.000000
0.997751 -0.066825 -0.005144 0.822152 0.066978 0.996956 0.039909 94.488075 0.002461 -0.040164 0.999190 0.079042 0.000000 0.000000 0.000000 1.000000
0.997510 -0.070520 -0.001151 0.877633 0.070511 0.996727 0.039532 94.359634 -0.001640 -0.039515 0.999218 -0.096798 0.000000 0.000000 0.000000 1.000000
0.997284 -0.073649 0.000525 0.950193 0.073558 0.996366 0.042949 94.141724 -0.003686 -0.042793 0.999077 -0.209722 0.000000 0.000000 0.000000 1.000000
0.996974 -0.077697 -0.002593 1.031020 0.077722 0.995469 0.054779 93.643295 -0.001675 -0.054815 0.998495 -0.125854 0.000000 0.000000 0.000000 1.000000
0.996975 -0.077520 -0.005678 1.100866 0.077727 0.994651 0.068034 93.159286 0.000374 -0.068270 0.997667 0.125411 0.000000 0.000000 0.000000 1.000000
0.997658 -0.068286 -0.003957 1.137782 0.068386 0.994630 0.077686 92.944839 -0.001369 -0.077775 0.996970 0.566780 0.000000 0.000000 0.000000 1.000000
0.998683 -0.051287 0.001251 1.141059 0.051008 0.995278 0.082588 92.928284 -0.005480 -0.082415 0.996583 1.175823 0.000000 0.000000 0.000000 1.000000
0.999661 -0.024032 0.010022 1.099680 0.023172 0.996640 0.078556 93.185715 -0.011876 -0.078297 0.996859 1.964922 0.000000 0.000000 0.000000 1.000000
0.999751 0.007713 0.020944 1.022623 -0.009138 0.997589 0.068792 93.529083 -0.020362 -0.068966 0.997411 2.852352 0.000000 0.000000 0.000000 1.000000
0.998599 0.039133 0.035622 0.868308 -0.040899 0.997897 0.050289 93.721283 -0.033579 -0.051676 0.998099 3.811018 0.000000 0.000000 0.000000 1.000000
0.996007 0.072434 0.052194 0.766561 -0.073785 0.996975 0.024440 94.090225 -0.050266 -0.028194 0.998338 4.748917 0.000000 0.000000 0.000000 1.000000
0.991869 0.108004 0.067313 0.768017 -0.107912 0.994148 -0.005019 94.688911 -0.067461 -0.002286 0.997719 5.750285 0.000000 0.000000 0.000000 1.000000
0.986898 0.142684 0.075323 0.847236 -0.140592 0.989537 -0.032413 95.335518 -0.079160 0.021398 0.996632 6.961459 0.000000 0.000000 0.000000 1.000000
0.982515 0.172190 0.070818 0.958913 -0.168657 0.984238 -0.053200 95.875961 -0.078863 0.040326 0.996070 8.414177 0.000000 0.000000 0.000000 1.000000
0.980082 0.191476 0.052689 1.082370 -0.187811 0.979886 -0.067453 96.234474 -0.064545 0.056213 0.996330 10.037676 0.000000 0.000000 0.000000 1.000000
0.980146 0.196698 0.024966 1.194049 -0.194260 0.977865 -0.077737 96.462112 -0.039704 0.071344 0.996661 11.776485 0.000000 0.000000 0.000000 1.000000
0.982331 0.187031 -0.006741 1.228961 -0.186929 0.978764 -0.084132 96.669586 -0.009138 0.083905 0.996432 13.665723 0.000000 0.000000 0.000000 1.000000
0.985831 0.163047 -0.039396 1.118396 -0.165872 0.982534 -0.084341 96.742676 0.024956 0.089681 0.995658 15.879300 0.000000 0.000000 0.000000 1.000000
0.988828 0.129638 -0.073570 0.885253 -0.135213 0.987846 -0.076669 96.480988 0.062737 0.085760 0.994339 18.613047 0.000000 0.000000 0.000000 1.000000
0.989435 0.097398 -0.107388 0.548406 -0.104399 0.992626 -0.061603 96.075562 0.100596 0.072163 0.992307 21.826828 0.000000 0.000000 0.000000 1.000000
0.988220 0.077945 -0.131707 -0.044972 -0.083803 0.995698 -0.039524 95.593552 0.128059 0.050096 0.990500 25.443546 0.000000 0.000000 0.000000 1.000000
0.987327 0.072372 -0.141239 -0.681712 -0.075174 0.997064 -0.014592 95.107071 0.139768 0.025025 0.989868 28.828051 0.000000 0.000000 0.000000 1.000000
0.988191 0.085457 -0.127185 -1.325905 -0.084364 0.996337 0.013971 94.635971 0.127913 -0.003076 0.991781 31.680365 0.000000 0.000000 0.000000 1.000000
0.989117 0.104274 -0.103805 -1.992528 -0.100191 0.994003 0.043810 94.164948 0.107751 -0.032933 0.993632 34.380501 0.000000 0.000000 0.000000 1.000000
0.989525 0.122084 -0.077043 -2.609779 -0.116643 0.990592 0.071568 93.706787 0.085055 -0.061832 0.994456 36.964970 0.000000 0.000000 0.000000 1.000000
0.989639 0.133156 -0.053710 -3.105859 -0.127691 0.987271 0.094824 93.274246 0.065652 -0.086983 0.994044 39.470284 0.000000 0.000000 0.000000 1.000000
0.990766 0.130026 -0.038415 -3.250702 -0.125233 0.986210 0.108202 92.882339 0.051954 -0.102392 0.993386 41.640694 0.000000 0.000000 0.000000 1.000000
0.992533 0.117628 -0.032275 -3.151070 -0.113300 0.987087 0.113235 92.614265 0.045178 -0.108733 0.993044 43.695465 0.000000 0.000000 0.000000 1.000000
0.994151 0.095604 -0.050241 -2.873682 -0.089951 0.990421 0.104763 92.770882 0.059775 -0.099631 0.993227 46.210182 0.000000 0.000000 0.000000 1.000000
0.994166 0.070229 -0.081869 -2.516354 -0.062908 0.994060 0.088812 93.402519 0.087620 -0.083144 0.992678 48.905598 0.000000 0.000000 0.000000 1.000000
0.992151 0.043732 -0.117145 -2.182329 -0.035652 0.996895 0.070206 94.338997 0.119852 -0.065478 0.990630 51.641045 0.000000 0.000000 0.000000 1.000000
0.988752 0.017773 -0.148502 -1.877196 -0.010352 0.998665 0.050603 95.381325 0.149203 -0.048496 0.987617 54.350410 0.000000 0.000000 0.000000 1.000000
0.984863 -0.008742 -0.173112 -1.590535 0.014230 0.999434 0.030485 96.347229 0.172748 -0.032487 0.984430 56.971420 0.000000 0.000000 0.000000 1.000000
0.980962 -0.033188 -0.191342 -1.345639 0.036431 0.999246 0.013451 97.099609 0.190752 -0.020166 0.981431 59.536945 0.000000 0.000000 0.000000 1.000000
0.977186 -0.052077 -0.205904 -1.179176 0.054258 0.998515 0.004959 97.531204 0.205340 -0.016018 0.978560 62.208344 0.000000 0.000000 0.000000 1.000000
0.973673 -0.062409 -0.219239 -1.089478 0.065176 0.997859 0.005407 97.550247 0.218432 -0.019553 0.975656 65.217766 0.000000 0.000000 0.000000 1.000000
0.971236 -0.064402 -0.229246 -1.033059 0.068119 0.997642 0.008329 97.183128 0.228169 -0.023706 0.973333 68.724464 0.000000 0.000000 0.000000 1.000000
0.971398 -0.063786 -0.228732 -0.968883 0.067296 0.997704 0.007572 96.633560 0.227724 -0.022748 0.973460 72.691261 0.000000 0.000000 0.000000 1.000000
0.974912 -0.066255 -0.212502 -0.909078 0.068639 0.997634 0.003855 95.879074 0.211744 -0.018344 0.977153 76.947517 0.000000 0.000000 0.000000 1.000000
0.979662 -0.078173 -0.184798 -0.791529 0.080039 0.996788 0.002650 94.982376 0.183998 -0.017388 0.982773 81.024963 0.000000 0.000000 0.000000 1.000000
0.982010 -0.103625 -0.157856 -0.612893 0.105823 0.994369 0.005565 93.868980 0.156390 -0.022170 0.987446 84.582939 0.000000 0.000000 0.000000 1.000000
0.980624 -0.137055 -0.139970 -0.409946 0.139611 0.990169 0.008561 92.600128 0.137421 -0.027936 0.990119 87.450287 0.000000 0.000000 0.000000 1.000000
0.978890 -0.161147 -0.125721 -0.205595 0.163927 0.986399 0.012020 91.932930 0.122074 -0.032375 0.991993 89.863640 0.000000 0.000000 0.000000 1.000000
0.980229 -0.166386 -0.107082 -0.036481 0.169625 0.985267 0.021823 92.032829 0.101873 -0.039555 0.994011 91.986786 0.000000 0.000000 0.000000 1.000000
0.984562 -0.154859 -0.081591 -0.027090 0.158328 0.986660 0.037871 92.345390 0.074638 -0.050205 0.995946 93.999535 0.000000 0.000000 0.000000 1.000000
0.989927 -0.132823 -0.049007 -0.268126 0.135324 0.989444 0.051841 92.483078 0.041604 -0.057951 0.997452 96.238495 0.000000 0.000000 0.000000 1.000000
0.994429 -0.105127 -0.007720 -0.721119 0.105398 0.992763 0.057560 92.533730 0.001613 -0.058053 0.998312 98.860268 0.000000 0.000000 0.000000 1.000000
0.996660 -0.070771 0.040758 -1.199719 0.068443 0.996086 0.055938 92.894600 -0.044557 -0.052961 0.997602 101.663467 0.000000 0.000000 0.000000 1.000000
0.995871 -0.026534 0.086820 -1.559004 0.022270 0.998515 0.049713 93.903923 -0.088010 -0.047575 0.994983 104.289246 0.000000 0.000000 0.000000 1.000000
0.992770 0.019993 0.118358 -1.867870 -0.024789 0.998924 0.039194 95.221565 -0.117447 -0.041845 0.992197 106.698090 0.000000 0.000000 0.000000 1.000000
0.989799 0.055871 0.131056 -2.209950 -0.059687 0.997895 0.025368 96.189537 -0.129363 -0.032932 0.991050 109.242065 0.000000 0.000000 0.000000 1.000000
0.988582 0.077179 0.129418 -2.504920 -0.079554 0.996742 0.013276 96.631248 -0.127972 -0.023420 0.991501 112.160019 0.000000 0.000000 0.000000 1.000000
0.988865 0.086568 0.121044 -2.670322 -0.088243 0.996062 0.008540 96.687561 -0.119828 -0.019126 0.992610 115.487785 0.000000 0.000000 0.000000 1.000000
0.990031 0.084994 0.112315 -2.723344 -0.086919 0.996139 0.012349 96.391724 -0.110831 -0.021988 0.993596 119.295273 0.000000 0.000000 0.000000 1.000000
0.991611 0.075651 0.104803 -2.735119 -0.078307 0.996698 0.021457 95.945900 -0.102834 -0.029484 0.994261 123.534904 0.000000 0.000000 0.000000 1.000000
0.993105 0.066815 0.096326 -2.786112 -0.070094 0.997057 0.031060 95.609612 -0.093967 -0.037597 0.994865 128.082611 0.000000 0.000000 0.000000 1.000000
0.994414 0.061658 0.085669 -2.842577 -0.065221 0.997091 0.039436 95.055634 -0.082988 -0.044804 0.995543 132.842667 0.000000 0.000000 0.000000 1.000000
0.994503 0.073616 0.074461 -2.928365 -0.077461 0.995733 0.050149 94.617645 -0.070452 -0.055641 0.995962 137.285538 0.000000 0.000000 0.000000 1.000000
0.992344 0.103160 0.067909 -3.030864 -0.107546 0.992109 0.064452 94.137146 -0.060725 -0.071262 0.995608 141.089249 0.000000 0.000000 0.000000 1.000000
0.988406 0.136098 0.067314 -3.130174 -0.141038 0.987154 0.075068 93.419655 -0.056233 -0.083691 0.994904 144.166061 0.000000 0.000000 0.000000 1.000000
0.985592 0.156117 0.065088 -3.170099 -0.160810 0.984171 0.074481 92.761307 -0.052430 -0.083874 0.995096 146.792679 0.000000 0.000000 0.000000 1.000000
0.985736 0.160329 0.051172 -3.070167 -0.163515 0.984349 0.065723 92.487518 -0.039834 -0.073153 0.996525 149.244003 0.000000 0.000000 0.000000 1.000000
0.988426 0.150559 0.018617 -2.768263 -0.151434 0.986534 0.061797 92.588577 -0.009062 -0.063901 0.997915 151.749878 0.000000 0.000000 0.000000 1.000000
0.990725 0.134645 -0.018274 -2.408672 -0.133356 0.989291 0.059333 92.822861 0.026068 -0.056346 0.998071 154.308350 0.000000 0.000000 0.000000 1.000000
0.992792 0.104539 -0.058623 -1.962618 -0.100866 0.992937 0.062463 93.348480 0.064738 -0.056099 0.996324 157.075241 0.000000 0.000000 0.000000 1.000000
0.993179 0.067304 -0.095214 -1.508417 -0.061452 0.996112 0.063120 94.069923 0.099092 -0.056839 0.993454 159.828171 0.000000 0.000000 0.000000 1.000000
0.991349 0.029443 -0.127905 -1.074623 -0.021976 0.997992 0.059400 94.854256 0.129397 -0.056075 0.990006 162.488388 0.000000 0.000000 0.000000 1.000000
0.988267 -0.007659 -0.152544 -0.669831 0.015754 0.998527 0.051926 95.739159 0.151922 -0.053720 0.986932 165.068436 0.000000 0.000000 0.000000 1.000000
0.985598 -0.042782 -0.163606 -0.296491 0.050626 0.997744 0.044079 96.606628 0.161351 -0.051727 0.985541 167.665009 0.000000 0.000000 0.000000 1.000000
0.983952 -0.069897 -0.164171 0.043977 0.077328 0.996231 0.039309 97.190132 0.160804 -0.051373 0.985648 170.474564 0.000000 0.000000 0.000000 1.000000
0.982692 -0.084818 -0.164686 0.346675 0.091987 0.995095 0.036387 97.312347 0.160792 -0.050906 0.985675 173.685471 0.000000 0.000000 0.000000 1.000000
0.980946 -0.089758 -0.172301 0.593028 0.096503 0.994845 0.031162 96.999458 0.168616 -0.047196 0.984551 177.360580 0.000000 0.000000 0.000000 1.000000
0.978635 -0.090040 -0.184840 0.776481 0.095844 0.995138 0.022690 96.515213 0.181898 -0.039921 0.982507 181.444855 0.000000 0.000000 0.000000 1.000000
0.976466 -0.090579 -0.195729 0.901084 0.095292 0.995340 0.014776 95.947105 0.193478 -0.033080 0.980547 185.894379 0.000000 0.000000 0.000000 1.000000
0.974690 -0.095164 -0.202297 1.011370 0.099411 0.994987 0.010915 95.261765 0.200244 -0.030750 0.979263 190.474182 0.000000 0.000000 0.000000 1.000000
0.971883 -0.114496 -0.205752 1.136242 0.118943 0.992857 0.009336 94.329010 0.203213 -0.033547 0.978560 194.623764 0.000000 0.000000 0.000000 1.000000
0.966910 -0.148839 -0.207201 1.226206 0.153478 0.988131 0.006405 93.280418 0.203788 -0.037994 0.978278 198.102875 0.000000 0.000000 0.000000 1.000000
0.962670 -0.178766 -0.203244 1.339155 0.183696 0.982968 0.005498 92.695679 0.198800 -0.042628 0.979113 201.099518 0.000000 0.000000 0.000000 1.000000
0.963164 -0.187675 -0.192597 1.483096 0.193781 0.980956 0.013198 92.776558 0.186452 -0.050033 0.981189 203.807159 0.000000 0.000000 0.000000 1.000000
0.968130 -0.180253 -0.173879 1.471033 0.187711 0.981844 0.027311 92.925621 0.165799 -0.059080 0.984388 206.239975 0.000000 0.000000 0.000000 1.000000
0.976489 -0.164579 -0.139219 1.142478 0.171592 0.984361 0.039878 92.955620 0.130479 -0.062830 0.989458 208.684570 0.000000 0.000000 0.000000 1.000000
0.985866 -0.144763 -0.084335 0.524396 0.149067 0.987702 0.047155 92.937973 0.076472 -0.059060 0.995321 211.365936 0.000000 0.000000 0.000000 1.000000
0.993144 -0.115673 -0.016853 -0.163182 0.116364 0.992029 0.048350 93.336037 0.011126 -0.049980 0.998688 214.271866 0.000000 0.000000 0.000000 1.000000
0.995923 -0.076691 0.047490 -0.757511 0.074793 0.996375 0.040545 94.303986 -0.050427 -0.036827 0.998049 217.168427 0.000000 0.000000 0.000000 1.000000
0.994829 -0.034552 0.095508 -1.286009 0.032408 0.999189 0.023914 95.558395 -0.096257 -0.020695 0.995141 219.962769 0.000000 0.000000 0.000000 1.000000
0.992489 0.003250 0.122289 -1.784408 -0.004038 0.999973 0.006193 96.691612 -0.122265 -0.006640 0.992475 222.810104 0.000000 0.000000 0.000000 1.000000
0.990934 0.032436 0.130378 -2.200530 -0.032226 0.999474 -0.003722 97.439888 -0.130430 -0.000513 0.991457 225.939301 0.000000 0.000000 0.000000 1.000000
0.990622 0.052359 0.126197 -2.497793 -0.052236 0.998626 -0.004285 97.827293 -0.126248 -0.002347 0.991996 229.447098 0.000000 0.000000 0.000000 1.000000
0.991047 0.062344 0.118065 -2.722486 -0.062736 0.998030 -0.000393 97.934441 -0.117857 -0.007017 0.993006 233.342728 0.000000 0.000000 0.000000 1.000000
0.991783 0.060336 0.112810 -2.910103 -0.061231 0.998114 0.004487 97.708298 -0.112327 -0.011358 0.993606 237.682877 0.000000 0.000000 0.000000 1.000000
0.992715 0.046530 0.111144 -3.044855 -0.048104 0.998776 0.011526 97.048416 -0.110471 -0.016788 0.993738 242.516907 0.000000 0.000000 0.000000 1.000000
0.993597 0.040420 0.105504 -3.138098 -0.043068 0.998809 0.022934 96.305336 -0.104452 -0.027330 0.994154 247.604538 0.000000 0.000000 0.000000 1.000000
0.994401 0.048497 0.093891 -3.254148 -0.052271 0.997903 0.038163 95.378281 -0.091843 -0.042858 0.994851 252.650650 0.000000 0.000000 0.000000 1.000000
0.993326 0.083133 0.079950 -3.420698 -0.087625 0.994666 0.054415 94.456474 -0.074999 -0.061058 0.995313 257.078766 0.000000 0.000000 0.000000 1.000000
0.989090 0.128008 0.072901 -3.601534 -0.132919 0.988858 0.067027 93.536980 -0.063509 -0.075986 0.995084 260.770996 0.000000 0.000000 0.000000 1.000000
0.985306 0.153441 0.075023 -3.770519 -0.158790 0.984725 0.071436 93.004921 -0.062916 -0.082299 0.994620 264.092316 0.000000 0.000000 0.000000 1.000000
0.985446 0.150391 0.079235 -3.925148 -0.155725 0.985589 0.066066 92.895241 -0.068158 -0.077444 0.994664 267.176270 0.000000 0.000000 0.000000 1.000000
0.988411 0.134012 0.071302 -3.991811 -0.138063 0.988880 0.055268 92.864136 -0.063103 -0.064472 0.995922 269.981659 0.000000 0.000000 0.000000 1.000000
0.992173 0.118155 0.040413 -3.875838 -0.120026 0.991633 0.047515 92.774353 -0.034460 -0.051993 0.998053 272.716309 0.000000 0.000000 0.000000 1.000000
0.994854 0.100901 -0.009156 -3.618526 -0.100373 0.993864 0.046468 92.907356 0.013788 -0.045310 0.998878 275.589569 0.000000 0.000000 0.000000 1.000000
0.995180 0.075468 -0.062625 -3.361032 -0.072625 0.996275 0.046503 93.559113 0.065901 -0.041731 0.996953 278.509064 0.000000 0.000000 0.000000 1.000000
0.993189 0.042271 -0.108579 -3.138441 -0.038055 0.998450 0.040612 94.508240 0.110128 -0.036204 0.993258 281.362762 0.000000 0.000000 0.000000 1.000000
0.989820 0.006601 -0.142170 -2.912702 -0.002548 0.999586 0.028668 95.611061 0.142301 -0.028014 0.989427 284.143860 0.000000 0.000000 0.000000 1.000000
0.986545 -0.025782 -0.161446 -2.713853 0.028850 0.999445 0.016683 96.703476 0.160927 -0.021116 0.986740 286.923218 0.000000 0.000000 0.000000 1.000000
0.984531 -0.050266 -0.167845 -2.593773 0.052856 0.998542 0.010998 97.557068 0.167047 -0.019699 0.985752 289.896698 0.000000 0.000000 0.000000 1.000000
0.983550 -0.066826 -0.167821 -2.559294 0.069927 0.997472 0.012631 98.021652 0.166553 -0.024159 0.985737 293.237335 0.000000 0.000000 0.000000 1.000000
0.982674 -0.074743 -0.169605 -2.631431 0.078717 0.996755 0.016819 97.998856 0.167798 -0.029878 0.985369 297.095001 0.000000 0.000000 0.000000 1.000000
0.981408 -0.075055 -0.176651 -2.817082 0.079686 0.996634 0.019263 97.570404 0.174610 -0.032982 0.984085 301.436951 0.000000 0.000000 0.000000 1.000000
0.979893 -0.075348 -0.184752 -3.044290 0.080784 0.996487 0.022064 96.851860 0.182440 -0.036545 0.982538 305.975464 0.000000 0.000000 0.000000 1.000000
0.978605 -0.083826 -0.187896 -3.233133 0.090956 0.995414 0.029632 95.598770 0.184551 -0.046088 0.981742 310.314972 0.000000 0.000000 0.000000 1.000000
0.976721 -0.108800 -0.184874 -3.341812 0.117938 0.992250 0.039135 94.000999 0.179183 -0.060027 0.981983 314.090820 0.000000 0.000000 0.000000 1.000000
0.973977 -0.138321 -0.179542 -3.407363 0.147982 0.988118 0.041513 92.724464 0.171666 -0.067001 0.982874 317.474976 0.000000 0.000000 0.000000 1.000000
0.972251 -0.153551 -0.176495 -3.446389 0.161631 0.986324 0.032266 92.320107 0.169127 -0.059898 0.983773 320.516541 0.000000 0.000000 0.000000 1.000000
0.971581 -0.163319 -0.171337 -3.513445 0.169431 0.985306 0.021577 92.131142 0.165295 -0.049993 0.984976 323.402008 0.000000 0.000000 0.000000 1.000000
0.974928 -0.160096 -0.154548 -3.747186 0.164363 0.986284 0.015154 92.146935 0.150002 -0.040176 0.987869 325.849518 0.000000 0.000000 0.000000 1.000000
0.981852 -0.147236 -0.119532 -4.230086 0.150153 0.988538 0.015730 92.279137 0.115846 -0.033393 0.992706 328.284302 0.000000 0.000000 0.000000 1.000000
0.989503 -0.126248 -0.070323 -4.898550 0.127789 0.991641 0.017847 92.628250 0.067482 -0.026646 0.997365 330.897308 0.000000 0.000000 0.000000 1.000000
0.995263 -0.096171 -0.014224 -5.539113 0.096403 0.995205 0.016559 93.561874 0.012563 -0.017852 0.999762 333.546417 0.000000 0.000000 0.000000 1.000000
0.997212 -0.062467 0.040823 -6.152869 0.062037 0.998005 0.011738 94.670074 -0.041475 -0.009173 0.999097 336.167114 0.000000 0.000000 0.000000 1.000000
0.996154 -0.023756 0.084341 -6.660496 0.023389 0.999712 0.005342 96.066666 -0.084443 -0.003349 0.996423 338.609711 0.000000 0.000000 0.000000 1.000000
0.993884 0.014175 0.109519 -7.155257 -0.013959 0.999899 -0.002739 97.296082 -0.109547 0.001193 0.993981 341.106110 0.000000 0.000000 0.000000 1.000000
0.992121 0.044774 0.117010 -7.596157 -0.043836 0.998983 -0.010581 98.102875 -0.117365 0.005368 0.993074 343.882507 0.000000 0.000000 0.000000 1.000000
0.991453 0.063641 0.113885 -7.913699 -0.062482 0.997952 -0.013720 98.378792 -0.114525 0.006487 0.993399 347.119598 0.000000 0.000000 0.000000 1.000000
0.991650 0.070284 0.108119 -8.102891 -0.069509 0.997521 -0.010927 98.113983 -0.108619 0.003320 0.994078 350.918579 0.000000 0.000000 0.000000 1.000000
0.992506 0.064067 0.104051 -8.234152 -0.063914 0.997944 -0.004802 97.312775 -0.104145 -0.001884 0.994560 355.290161 0.000000 0.000000 0.000000 1.000000
0.993242 0.065649 0.095715 -8.368591 -0.066396 0.997783 0.004639 96.741776 -0.095198 -0.010963 0.995398 359.866516 0.000000 0.000000 0.000000 1.000000
0.994203 0.071778 0.080049 -8.539694 -0.073554 0.997102 0.019451 95.973175 -0.078421 -0.025227 0.996601 364.692841 0.000000 0.000000 0.000000 1.000000
0.993839 0.095067 0.056969 -8.721953 -0.097291 0.994545 0.037626 95.178680 -0.053082 -0.042937 0.997667 369.213562 0.000000 0.000000 0.000000 1.000000
0.990072 0.136134 0.035014 -8.885998 -0.137824 0.989117 0.051495 94.187538 -0.027623 -0.055810 0.998059 373.008453 0.000000 0.000000 0.000000 1.000000
0.984062 0.176435 0.022184 -8.976500 -0.177430 0.982514 0.056430 93.140274 -0.011840 -0.059467 0.998160 376.135132 0.000000 0.000000 0.000000 1.000000
0.980588 0.195231 0.018197 -8.992220 -0.195949 0.979074 0.054944 92.583321 -0.007090 -0.057443 0.998324 378.979736 0.000000 0.000000 0.000000 1.000000
0.981037 0.193247 0.014879 -8.918482 -0.193759 0.979753 0.050421 92.508492 -0.004834 -0.052348 0.998617 381.650208 0.000000 0.000000 0.000000 1.000000
0.982798 0.184681 -0.000210 -8.693844 -0.184485 0.981808 0.044934 92.466530 0.008505 -0.044122 0.998990 384.193390 0.000000 0.000000 0.000000 1.000000
0.984454 0.172339 -0.033916 -8.300119 -0.170924 0.984432 0.040961 92.547760 0.040447 -0.034527 0.998585 386.814575 0.000000 0.000000 0.000000 1.000000
0.985813 0.148247 -0.078708 -7.779592 -0.145621 0.988605 0.038148 93.198944 0.083466 -0.026146 0.996168 389.482971 0.000000 0.000000 0.000000 1.000000
0.986448 0.112837 -0.119113 -7.186254 -0.109579 0.993411 0.033578 94.344681 0.122117 -0.020071 0.992313 392.013428 0.000000 0.000000 0.000000 1.000000
0.986693 0.072822 -0.145372 -6.561324 -0.069409 0.997183 0.028422 95.579300 0.147033 -0.017953 0.988969 394.435883 0.000000 0.000000 0.000000 1.000000
0.986867 0.033874 -0.157945 -5.949213 -0.029860 0.999170 0.027713 96.691559 0.158752 -0.022633 0.987059 396.897125 0.000000 0.000000 0.000000 1.000000
0.986408 0.002062 -0.164304 -5.424385 0.003377 0.999456 0.032819 97.446312 0.164282 -0.032928 0.985864 399.629242 0.000000 0.000000 0.000000 1.000000
0.984879 -0.018771 -0.172227 -5.012072 0.025697 0.998944 0.038074 97.692566 0.171330 -0.041924 0.984321 402.822845 0.000000 0.000000 0.000000 1.000000
0.983016 -0.029327 -0.181162 -4.651176 0.036341 0.998708 0.035517 97.525726 0.179886 -0.041498 0.982812 406.503510 0.000000 0.000000 0.000000 1.000000
0.982974 -0.036062 -0.180170 -4.274840 0.040864 0.998900 0.023010 97.090126 0.179141 -0.029980 0.983366 410.583862 0.000000 0.000000 0.000000 1.000000
0.986201 -0.046680 -0.158834 -3.881866 0.048656 0.998779 0.008574 96.416275 0.158240 -0.016183 0.987268 414.965240 0.000000 0.000000 0.000000 1.000000
0.990388 -0.066931 -0.121041 -3.465546 0.068010 0.997673 0.004802 95.734650 0.120438 -0.012988 0.992636 419.455658 0.000000 0.000000 0.000000 1.000000
0.991860 -0.096969 -0.082527 -2.998106 0.098579 0.995006 0.015650 95.257439 0.080597 -0.023658 0.996466 423.832153 0.000000 0.000000 0.000000 1.000000
0.989532 -0.133423 -0.054992 -2.489221 0.135330 0.990266 0.032533 94.741745 0.050116 -0.039634 0.997957 427.653381 0.000000 0.000000 0.000000 1.000000
0.985307 -0.167038 -0.035627 -1.998897 0.168644 0.984498 0.048195 94.205887 0.027024 -0.053495 0.998202 430.839417 0.000000 0.000000 0.000000 1.000000
0.982424 -0.185970 -0.016094 -1.542586 0.186628 0.980301 0.064654 94.089203 0.003754 -0.066521 0.997778 433.739624 0.000000 0.000000 0.000000 1.000000
0.981316 -0.192333 0.005257 -1.220322 0.191273 0.978139 0.081605 94.282715 -0.020838 -0.079075 0.996651 436.410706 0.000000 0.000000 0.000000 1.000000
0.980246 -0.195618 0.029166 -1.191512 0.192210 0.976974 0.092615 94.366913 -0.046611 -0.085179 0.995275 438.731049 0.000000 0.000000 0.000000 1.000000
0.979051 -0.195005 0.058582 -1.463488 0.188833 0.977206 0.097006 94.554749 -0.076163 -0.083911 0.993558 440.836212 0.000000 0.000000 0.000000 1.000000
0.977972 -0.188101 0.090490 -1.934505 0.179073 0.978810 0.099314 94.938385 -0.107254 -0.080922 0.990933 442.774261 0.000000 0.000000 0.000000 1.000000
0.977433 -0.172445 0.122014 -2.618836 0.161321 0.982232 0.095895 95.331299 -0.136383 -0.074048 0.987885 444.587463 0.000000 0.000000 0.000000 1.000000
0.976028 -0.152534 0.155252 -3.397878 0.140027 0.986176 0.088599 95.745354 -0.166620 -0.064736 0.983894 446.379333 0.000000 0.000000 0.000000 1.000000
0.972733 -0.121212 0.197733 -4.437166 0.109177 0.991504 0.070710 96.255890 -0.204624 -0.047194 0.977702 448.189697 0.000000 0.000000 0.000000 1.000000
0.963647 -0.086858 0.252665 -5.533694 0.075802 0.995703 0.053185 96.659058 -0.256199 -0.032099 0.966091 450.336792 0.000000 0.000000 0.000000 1.000000
0.949528 -0.053671 0.309056 -6.586380 0.045190 0.998381 0.034540 97.010849 -0.310409 -0.018830 0.950416 452.652405 0.000000 0.000000 0.000000 1.000000
0.929896 -0.035191 0.366136 -7.362616 0.028636 0.999318 0.023323 97.213043 -0.366707 -0.011204 0.930269 455.473969 0.000000 0.000000 0.000000 1.000000
0.905557 -0.028305 0.423279 -7.985415 0.024974 0.999598 0.013414 97.253647 -0.423489 -0.001576 0.905900 458.632660 0.000000 0.000000 0.000000 1.000000
0.875890 -0.022646 0.481979 -8.568539 0.024819 0.999690 0.001868 97.052437 -0.481872 0.010326 0.876181 462.037201 0.000000 0.000000 0.000000 1.000000
0.845642 -0.016639 0.533492 -9.063245 0.023316 0.999711 -0.005779 96.645378 -0.533242 0.017326 0.845785 465.485016 0.000000 0.000000 0.000000 1.000000
0.824796 -0.019575 0.565092 -9.301910 0.023586 0.999722 0.000207 96.338585 -0.564939 0.013158 0.825028 468.673401 0.000000 0.000000 0.000000 1.000000
0.817140 -0.036781 0.575265 -9.243629 0.029409 0.999323 0.022120 96.324005 -0.575689 -0.001157 0.817668 471.483032 0.000000 0.000000 0.000000 1.000000
0.815145 -0.061308 0.576003 -9.041795 0.038359 0.997914 0.051931 96.605347 -0.577985 -0.020237 0.815796 474.002625 0.000000 0.000000 0.000000 1.000000
0.809269 -0.086425 0.581046 -8.859310 0.048948 0.995599 0.079911 97.024101 -0.585396 -0.036229 0.809938 476.320251 0.000000 0.000000 0.000000 1.000000
0.794896 -0.112189 0.596283 -8.721991 0.064165 0.992789 0.101254 97.397102 -0.603343 -0.042226 0.796363 478.398865 0.000000 0.000000 0.000000 1.000000
0.771620 -0.137378 0.621071 -8.595592 0.083207 0.989809 0.115565 97.686417 -0.630618 -0.037494 0.775187 480.200470 0.000000 0.000000 0.000000 1.000000
0.741554 -0.154845 0.652779 -8.497017 0.097737 0.987554 0.123228 97.874893 -0.663736 -0.027580 0.747459 481.751770 0.000000 0.000000 0.000000 1.000000
0.708525 -0.161407 0.686979 -8.455911 0.103558 0.986734 0.125029 97.966537 -0.698046 -0.017444 0.715840 483.134094 0.000000 0.000000 0.000000 1.000000
0.676228 -0.162487 0.718549 -8.430861 0.104886 0.986672 0.124409 97.985352 -0.729187 -0.008763 0.684258 484.422394 0.000000 0.000000 0.000000 1.000000
0.645687 -0.164306 0.745716 -8.358930 0.105815 0.986407 0.125717 97.926468 -0.756235 -0.002265 0.654296 485.636566 0.000000 0.000000 0.000000 1.000000
0.615062 -0.167299 0.770526 -8.229118 0.105912 0.985904 0.129520 97.781227 -0.781333 0.001945 0.624111 486.767120 0.000000 0.000000 0.000000 1.000000
0.583277 -0.168646 0.794573 -8.075777 0.104241 0.985662 0.132683 97.575989 -0.805557 0.005436 0.592494 487.802948 0.000000 0.000000 0.000000 1.000000
0.553181 -0.166450 0.816263 -7.937149 0.101619 0.986001 0.132195 97.357849 -0.826840 0.009820 0.562351 488.725647 0.000000 0.000000 0.000000 1.000000
0.529956 -0.158981 0.832990 -7.834446 0.097787 0.987174 0.126195 97.153435 -0.842369 0.014577 0.538705 489.519379 0.000000 0.000000 0.000000 1.000000
0.515942 -0.145563 0.844166 -7.781590 0.091974 0.989173 0.114354 96.990234 -0.851672 0.018642 0.523744 490.179993 0.000000 0.000000 0.000000 1.000000
0.508152 -0.130280 0.851357 -7.778669 0.086276 0.991221 0.100187 96.880417 -0.856935 0.022541 0.514931 490.719299 0.000000 0.000000 0.000000 1.000000
0.494220 -0.119529 0.861080 -8.199380 0.097980 0.991850 0.081445 96.947289 -0.863798 0.044117 0.501904 490.636414 0.000000 0.000000 0.000000 1.000000
0.479994 -0.108072 0.870590 -8.622324 0.108800 0.992055 0.063164 97.015869 -0.870499 0.064401 0.487939 490.548828 0.000000 0.000000 0.000000 1.000000
0.465505 -0.095943 0.879829 -9.047405 0.118772 0.991887 0.045322 97.086021 -0.877039 0.083401 0.473124 490.456787 0.000000 0.000000 0.000000 1.000000
0.450781 -0.083175 0.888751 -9.474529 0.127930 0.991391 0.027893 97.157578 -0.883420 0.101124 0.457541 490.360779 0.000000 0.000000 0.000000 1.000000
0.435844 -0.069802 0.897312 -9.903601 0.136307 0.990607 0.010852 97.230370 -0.889641 0.117580 0.441264 490.261078 0.000000 0.000000 0.000000 1.000000
0.420715 -0.055860 0.905472 -10.334523 0.143931 0.989571 -0.005828 97.304260 -0.895702 0.132778 0.424367 490.158081 0.000000 0.000000 0.000000 1.000000
0.405412 -0.041383 0.913197 -10.767203 0.150828 0.988311 -0.022173 97.379066 -0.901605 0.146724 0.406915 490.052094 0.000000 0.000000 0.000000 1.000000
0.389953 -0.026406 0.920456 -11.201543 0.157017 0.986856 -0.038209 97.454651 -0.907349 0.159427 0.388974 489.943573 0.000000 0.000000 0.000000 1.000000
0.374352 -0.010964 0.927222 -11.637449 0.162519 0.985229 -0.053964 97.530846 -0.912934 0.170892 0.370604 489.832794 0.000000 0.000000 0.000000 1.000000
0.358624 0.004908 0.933469 -12.074824 0.167346 0.983448 -0.069462 97.607498 -0.918360 0.181123 0.351866 489.720184 0.000000 0.000000 0.000000 1.000000
0.342782 0.021177 0.939176 -12.513576 0.171510 0.981532 -0.084730 97.684441 -0.923626 0.190122 0.332820 489.606049 0.000000 0.000000 0.000000 1.000000
0.326842 0.037809 0.944322 -12.953606 0.175017 0.979495 -0.099793 97.761520 -0.928732 0.197889 0.313523 489.490814 0.000000 0.000000 0.000000 1.000000
0.310818 0.054770 0.948890 -13.394819 0.177871 0.977349 -0.114676 97.838577 -0.933678 0.204423 0.294036 489.374756 0.000000 0.000000 0.000000 1.000000
0.294727 0.072025 0.952863 -13.837121 0.180072 0.975105 -0.129403 97.915459 -0.938462 0.209722 0.274420 489.258301 0.000000 0.000000 0.000000 1.000000
0.278585 0.089541 0.956228 -14.280416 0.181615 0.972769 -0.144001 97.991997 -0.943083 0.213782 0.254737 489.141785 0.000000 0.000000 0.000000 1.000000
0.262414 0.107284 0.958973 -14.724609 0.182493 0.970348 -0.158494 98.068039 -0.947542 0.216597 0.235054 489.025604 0.000000 0.000000 0.000000 1.000000
0.246235 0.125218 0.961087 -15.169605 0.182697 0.967846 -0.172906 98.143433 -0.951835 0.218163 0.215440 488.910065 0.000000 0.000000 0.000000 1.000000
0.230074 0.143310 0.962563 -15.615308 0.182212 0.965262 -0.187264 98.218010 -0.955963 0.218475 0.195969 488.795563 0.000000 0.000000 0.000000 1.000000
0.213961 0.161524 0.963396 -16.061621 0.181024 0.962596 -0.201593 98.291611 -0.959923 0.217530 0.176718 488.682434 0.000000 0.000000 0.000000 1.000000
0.197929 0.179823 0.963581 -16.508450 0.179113 0.959843 -0.215917 98.364090 -0.963713 0.215326 0.157772 488.571045 0.000000 0.000000 0.000000 1.000000
0.182018 0.198173 0.963118 -16.955702 0.176461 0.956996 -0.230262 98.435280 -0.967332 0.211865 0.139220 488.461853 0.000000 0.000000 0.000000 1.000000
0.166270 0.216538 0.962011 -17.403278 0.173046 0.954044 -0.244653 98.505028 -0.970778 0.207151 0.121158 488.355072 0.000000 0.000000 0.000000 1.000000
0.150737 0.234881 0.960265 -17.851082 0.168848 0.950974 -0.259113 98.573166 -0.974048 0.201197 0.103688 488.251129 0.000000 0.000000 0.000000 1.000000
0.098718 0.264347 0.959362 -18.527998 0.177090 0.944016 -0.278341 98.495232 -0.979231 0.197370 0.046378 488.261932 0.000000 0.000000 0.000000 1.000000
0.039378 0.285338 0.957618 -18.864586 0.183758 0.939948 -0.287630 98.351807 -0.982182 0.187296 -0.015419 488.422760 0.000000 0.000000 0.000000 1.000000
-0.020411 0.302254 0.953009 -19.065004 0.178035 0.939071 -0.294021 98.196457 -0.983812 0.163668 -0.072979 488.616089 0.000000 0.000000 0.000000 1.000000
-0.092345 0.310675 0.946020 -18.924894 0.168543 0.941247 -0.292655 98.046959 -0.981359 0.132419 -0.139281 488.821930 0.000000 0.000000 0.000000 1.000000
-0.173265 0.312208 0.934080 -18.546618 0.153717 0.945374 -0.287470 97.971848 -0.972805 0.093776 -0.211792 488.986115 0.000000 0.000000 0.000000 1.000000
-0.258134 0.304645 0.916820 -17.873585 0.136352 0.950971 -0.277603 97.988419 -0.956439 0.053351 -0.287017 488.979248 0.000000 0.000000 0.000000 1.000000
-0.342248 0.288492 0.894225 -16.851587 0.118416 0.957354 -0.263537 98.090652 -0.932118 0.015696 -0.361815 488.680115 0.000000 0.000000 0.000000 1.000000
-0.423438 0.268369 0.865262 -15.505626 0.103685 0.963195 -0.248003 98.185844 -0.899972 -0.015299 -0.435679 487.934723 0.000000 0.000000 0.000000 1.000000
-0.500982 0.243788 0.830412 -14.084808 0.082982 0.968616 -0.234299 98.263947 -0.861470 -0.048470 -0.505490 487.004913 0.000000 0.000000 0.000000 1.000000
-0.571803 0.215892 0.791475 -12.613680 0.064961 0.973639 -0.218651 98.263611 -0.817815 -0.073610 -0.570754 485.599274 0.000000 0.000000 0.000000 1.000000
-0.634337 0.186347 0.750261 -11.218255 0.049619 0.978325 -0.201041 98.188080 -0.771463 -0.090301 -0.629834 483.824768 0.000000 0.000000 0.000000 1.000000
-0.689052 0.159218 0.707006 -9.945115 0.039871 0.982419 -0.182382 98.081978 -0.723614 -0.097482 -0.683286 481.729858 0.000000 0.000000 0.000000 1.000000
-0.738744 0.136205 0.660080 -8.830765 0.036421 0.986004 -0.162697 97.973686 -0.673001 -0.096150 -0.733365 479.389252 0.000000 0.000000 0.000000 1.000000
-0.786258 0.114090 0.607274 -7.979042 0.034897 0.989436 -0.140705 97.877312 -0.616912 -0.089439 -0.781934 476.848572 0.000000 0.000000 0.000000 1.000000
-0.829684 0.093231 0.550393 -7.251400 0.033228 0.992455 -0.118023 97.771233 -0.557243 -0.079633 -0.826522 474.265442 0.000000 0.000000 0.000000 1.000000
-0.868049 0.072741 0.491120 -6.881532 0.030367 0.995136 -0.093718 97.604675 -0.495548 -0.066438 -0.866036 471.670044 0.000000 0.000000 0.000000 1.000000
-0.898464 0.058772 0.435096 -6.846675 0.031307 0.997053 -0.070033 97.327301 -0.437930 -0.049301 -0.897656 469.281799 0.000000 0.000000 0.000000 1.000000
-0.923359 0.049239 0.380766 -6.923631 0.033533 0.998295 -0.047777 97.025192 -0.382469 -0.031347 -0.923436 467.013367 0.000000 0.000000 0.000000 1.000000
-0.939973 0.047326 0.337950 -7.224647 0.038461 0.998719 -0.032884 96.710228 -0.339073 -0.017912 -0.940589 465.137085 0.000000 0.000000 0.000000 1.000000
-0.949681 0.051062 0.309030 -7.634461 0.045314 0.998641 -0.025754 96.347488 -0.309925 -0.010455 -0.950704 463.644470 0.000000 0.000000 0.000000 1.000000
-0.954217 0.058883 0.293261 -8.041851 0.054971 0.998255 -0.021571 95.848167 -0.294019 -0.004463 -0.955789 462.525787 0.000000 0.000000 0.000000 1.000000
