<?xml version="1.0" encoding="utf-8"?>
<COLLADA xmlns="http://www.collada.org/2005/11/COLLADASchema" version="1.4.1">
  <asset>
    <contributor>
      <author>Mixamo</author>
      <authoring_tool>COLLADA Mixamo exporter</authoring_tool>
      <comments/>
    </contributor>
    <created>2024-07-27T17:25:01Z</created>
    <modified>2024-07-27T17:25:01Z</modified>
    <revision/>
    <title/>
    <unit meter="0.010000"/>
    <up_axis>Y_UP</up_axis>
  </asset>
  <library_animations>
    <animation id="mixamorig_Hips-anim" name="mixamorig_Hips">
      <source id="mixamorig_Hips-Matrix-animation-input">
        <float_array id="mixamorig_Hips-Matrix-animation-input-array" count="38">

0.000000 0.033333 0.066667 0.100000 0.133333 0.166667 0.200000 0.233333 0.266667 0.300000 0.333333 0.366667 0.400000 0.433333 0.466667 0.500000
0.533333 0.566667 0.600000 0.633333 0.666667 0.700000 0.733333 0.766667 0.800000 0.833333 0.866667 0.900000 0.933333 0.966667 1.000000 1.033333
1.066667 1.100000 1.133333 1.166667 1.200000 1.233333</float_array>
        <technique_common>
          <accessor source="#mixamorig_Hips-Matrix-animation-input-array" count="38">
            <param name="TIME" type="float"/>
          </accessor>
        </technique_common>
      </source>
      <source id="mixamorig_Hips-Matrix-animation-output-transform">
        <float_array id="mixamorig_Hips-Matrix-animation-output-transform-array" count="608">

0.996493 -0.020306 -0.081177 -0.219139 0.008624 0.989866 -0.141745 91.159935 0.083233 0.140548 0.986569 -1.739728 0.000000 0.000000 0.000000 1.000000
0.998746 -0.006330 -0.049667 -0.551487 0.000084 0.992185 -0.124773 91.914703 0.050069 0.124612 0.990941 1.005612 0.000000 0.000000 0.000000 1.000000
0.999714 0.003011 -0.023712 -0.859281 -0.006457 0.989170 -0.146631 91.890900 0.023014 0.146742 0.988907 3.691072 0.000000 0.000000 0.000000 1.000000
0.999918 0.012786 0.000163 -1.162219 -0.012557 0.984290 -0.176110 91.704483 -0.002413 0.176093 0.984371 6.385373 0.000000 0.000000 0.000000 1.000000
0.999645 0.021424 0.015864 -1.461135 -0.017631 0.977683 -0.209342 91.252029 -0.019995 0.208988 0.977714 9.400793 0.000000 0.000000 0.000000 1.000000
0.999629 0.023587 0.013598 -1.759312 -0.019430 0.967910 -0.250544 90.197418 -0.019071 0.250187 0.968010 13.084912 0.000000 0.000000 0.000000 1.000000
0.999732 0.023140 0.001170 -2.037398 -0.021788 0.956074 -0.292315 88.814941 -0.007883 0.292211 0.956321 17.405972 0.000000 0.000000 0.000000 1.000000
0.999396 0.030193 -0.017221 -2.232139 -0.034084 0.948383 -0.315291 87.425018 0.006812 0.315688 0.948839 23.062653 0.000000 0.000000 0.000000 1.000000
0.998871 0.045279 -0.014344 -2.034763 -0.047494 0.948661 -0.312708 86.838898 -0.000552 0.313036 0.949741 28.849140 0.000000 0.000000 0.000000 1.000000
0.998156 0.060626 -0.002914 -1.718955 -0.058637 0.950784 -0.304257 86.498398 -0.015675 0.303867 0.952586 34.514435 0.000000 0.000000 0.000000 1.000000
0.997221 0.068675 0.028864 -1.203104 -0.057364 0.955119 -0.290615 86.582161 -0.047527 0.288152 0.956404 39.443954 0.000000 0.000000 0.000000 1.000000
0.991724 0.095986 0.085268 -0.753282 -0.070164 0.961371 -0.266163 87.283966 -0.107523 0.257978 0.960149 43.717705 0.000000 0.000000 0.000000 1.000000
0.972303 0.155197 0.174760 -0.527287 -0.115336 0.968934 -0.218780 88.725731 -0.203285 0.192564 0.959997 47.346725 0.000000 0.000000 0.000000 1.000000
0.934654 0.226650 0.273954 -0.422350 -0.190362 0.969744 -0.152836 90.666420 -0.300306 0.090698 0.949521 50.623280 0.000000 0.000000 0.000000 1.000000
0.901329 0.279046 0.331269 -0.119065 -0.264752 0.960245 -0.088520 93.506279 -0.342801 -0.007918 0.939375 53.953579 0.000000 0.000000 0.000000 1.000000
0.898475 0.303344 0.317372 0.546288 -0.303134 0.951564 -0.051337 97.795708 -0.317572 -0.050081 0.946911 57.666576 0.000000 0.000000 0.000000 1.000000
0.916176 0.307290 0.257283 1.472289 -0.300486 0.951473 -0.066388 103.118164 -0.265198 -0.016487 0.964053 61.538765 0.000000 0.000000 0.000000 1.000000
0.928074 0.315380 0.198026 2.068494 -0.292888 0.946584 -0.134892 107.407059 -0.229991 0.067190 0.970871 64.464951 0.000000 0.000000 0.000000 1.000000
0.940754 0.299620 0.158775 1.744527 -0.262032 0.939547 -0.220434 112.435852 -0.215223 0.165770 0.962392 67.407593 0.000000 0.000000 0.000000 1.000000
0.954686 0.269785 0.125660 0.924398 -0.226544 0.932574 -0.281041 118.049583 -0.193008 0.239839 0.951433 70.749359 0.000000 0.000000 0.000000 1.000000
0.967309 0.235097 0.095097 0.001355 -0.194678 0.928687 -0.315659 123.217155 -0.162526 0.286827 0.944095 74.599030 0.000000 0.000000 0.000000 1.000000
0.975045 0.206466 0.081607 -0.956488 -0.167140 0.924613 -0.342279 127.261345 -0.146124 0.320097 0.936048 78.799942 0.000000 0.000000 0.000000 1.000000
0.980041 0.173726 0.096633 -1.972512 -0.127155 0.921476 -0.367033 130.825272 -0.152808 0.347421 0.925175 83.669540 0.000000 0.000000 0.000000 1.000000
0.983215 0.132628 0.125294 -3.228288 -0.075867 0.921732 -0.380334 133.171402 -0.165930 0.364445 0.916323 88.643501 0.000000 0.000000 0.000000 1.000000
0.984650 0.101920 0.141691 -4.413011 -0.040516 0.923095 -0.382433 133.894409 -0.169772 0.370822 0.913055 93.173424 0.000000 0.000000 0.000000 1.000000
0.987767 0.082991 0.132018 -5.372317 -0.026705 0.924134 -0.381134 133.901886 -0.153633 0.372946 0.915045 96.933372 0.000000 0.000000 0.000000 1.000000
0.992632 0.064901 0.102321 -5.737350 -0.022371 0.928102 -0.371653 134.061157 -0.119085 0.366626 0.922716 100.497246 0.000000 0.000000 0.000000 1.000000
0.997715 0.035550 0.057449 -5.523833 -0.013351 0.937336 -0.348170 134.828644 -0.066226 0.346608 0.935669 103.974304 0.000000 0.000000 0.000000 1.000000
0.999946 -0.005802 -0.008651 -4.775842 0.002744 0.947898 -0.318563 135.975052 0.010049 0.318522 0.947862 107.281761 0.000000 0.000000 0.000000 1.000000
0.993815 -0.046710 -0.100744 -3.502778 0.014865 0.955021 -0.296165 136.867935 0.110046 0.292835 0.949809 110.638245 0.000000 0.000000 0.000000 1.000000
0.977486 -0.074872 -0.197269 -1.871723 0.017280 0.960191 -0.278808 137.720520 0.210291 0.269122 0.939868 115.480324 0.000000 0.000000 0.000000 1.000000
0.957426 -0.093720 -0.273043 -0.464862 0.021769 0.966580 -0.255441 139.151413 0.287857 0.238622 0.927468 121.043976 0.000000 0.000000 0.000000 1.000000
0.934826 -0.097547 -0.341447 0.522638 0.022635 0.975944 -0.216844 141.181992 0.354385 0.194983 0.914545 125.935791 0.000000 0.000000 0.000000 1.000000
0.923439 -0.078387 -0.375653 1.046255 0.015246 0.985636 -0.168192 143.557892 0.383442 0.149588 0.911370 130.446548 0.000000 0.000000 0.000000 1.000000
0.939780 -0.065533 -0.335437 1.010077 0.014560 0.988231 -0.152275 146.092010 0.341469 0.138221 0.929674 134.651459 0.000000 0.000000 0.000000 1.000000
0.969587 -0.061225 -0.236966 0.638508 0.021608 0.985838 -0.166302 148.347015 0.243792 0.156124 0.957179 138.403976 0.000000 0.000000 0.000000 1.000000
0.989424 -0.045172 -0.137837 0.291553 0.022326 0.986374 -0.162996 150.020874 0.143322 0.158195 0.976951 141.666489 0.000000 0.000000 0.000000 1.000000
0.996436 -0.023338 -0.081059 -0.026774 0.011721 0.989949 -0.140935 151.255707 0.083533 0.139483 0.986695 144.566788 0.000000 0.000000 0.000000 1.000000</float_array>
        <technique_common>
          <accessor source="#mixamorig_Hips-Matrix-animation-output-transform-array" count="38" stride="16">
            <param type="float4x4"/>
          </accessor>
        </technique_common>
      </source>
      <source id="mixamorig_Hips-Interpolations">
        <Name_array id="mixamorig_Hips-Interpolations-array" count="38">
 LINEAR LINEAR LINEAR LINEAR LINEAR LINEAR LINEAR LINEAR LINEAR LINEAR LINEAR
LINEAR LINEAR LINEAR LINEAR LINEAR LINEAR LINEAR LINEAR LINEAR LINEAR LINEAR LINEAR
LINEAR LINEAR LINEAR LINEAR LINEAR LINEAR LINEAR LINEAR LINEAR LINEAR LINEAR LINEAR
LINEAR LINEAR LINEAR</Name_array>
        <technique_common>
          <accessor source="#mixamorig_Hips-Interpolations-array" count="38">
            <param type="name"/>
          </accessor>
        </technique_common>
      </source>
      <sampler id="mixamorig_Hips-Matrix-animation-transform">
        <input semantic="INPUT" source="#mixamorig_Hips-Matrix-animation-input"/>
        <input semantic="OUTPUT" source="#mixamorig_Hips-Matrix-animation-output-transform"/>
        <input semantic="INTERPOLATION" source="#mixamorig_Hips-Interpolations"/>
      </sampler>
      <channel source="#mixamorig_Hips-Matrix-animation-transform" target="mixamorig_Hips/matrix"/>
    </animation>
    <animation id="mixamorig_Spine-anim" name="mixamorig_Spine">
      <source id="mixamorig_Spine-Matrix-animation-input">
        <float_array id="mixamorig_Spine-Matrix-animation-input-array" count="38">

0.000000 0.033333 0.066667 0.100000 0.133333 0.166667 0.200000 0.233333 0.266667 0.300000 0.333333 0.366667 0.400000 0.433333 0.466667 0.500000
0.533333 0.566667 0.600000 0.633333 0.666667 0.700000 0.733333 0.766667 0.800000 0.833333 0.866667 0.900000 0.933333 0.966667 1.000000 1.033333
1.066667 1.100000 1.133333 1.166667 1.200000 1.233333</float_array>
        <technique_common>
          <accessor source="#mixamorig_Spine-Matrix-animation-input-array" count="38">
            <param name="TIME" type="float"/>
          </accessor>
        </technique_common>
      </source>
      <source id="mixamorig_Spine-Matrix-animation-output-transform">
        <float_array id="mixamorig_Spine-Matrix-animation-output-transform-array" count="608">

0.997303 -0.022238 0.069947 0.000000 0.016021 0.995973 0.088209 9.933500 -0.071627 -0.086850 0.993643 -1.156000 0.000000 0.000000 0.000000 1.000000
0.997258 -0.012698 0.072905 0.000000 0.006996 0.996933 0.077949 9.933500 -0.073671 -0.077225 0.994288 -1.156000 0.000000 0.000000 0.000000 1.000000
0.997008 -0.002155 0.077270 -0.000000 -0.003275 0.997536 0.070078 9.933500 -0.077231 -0.070121 0.994544 -1.156000 0.000000 0.000000 0.000000 1.000000
0.996608 0.008735 0.081835 0.000000 -0.013884 0.997945 0.062557 9.933500 -0.081120 -0.063481 0.994681 -1.156000 0.000000 0.000000 0.000000 1.000000
0.995970 0.021418 0.087093 0.000000 -0.026253 0.998155 0.054756 9.933500 -0.085759 -0.056821 0.994694 -1.156000 0.000000 0.000000 0.000000 1.000000
0.994778 0.038852 0.094381 0.000000 -0.043333 0.998006 0.045894 9.933500 -0.092410 -0.049744 0.994478 -1.156000 0.000000 0.000000 0.000000 1.000000
0.993137 0.057533 0.101830 0.000000 -0.061580 0.997414 0.037049 9.933500 -0.099435 -0.043065 0.994112 -1.156000 0.000000 0.000000 0.000000 1.000000
0.991835 0.070858 0.106028 -0.000000 -0.074535 0.996733 0.031124 9.933500 -0.103476 -0.038773 0.993876 -1.156000 0.000000 0.000000 0.000000 1.000000
0.993039 0.068322 0.095946 0.000000 -0.072055 0.996751 0.035999 9.933500 -0.093174 -0.042662 0.994735 -1.156000 0.000000 0.000000 0.000000 1.000000
0.994623 0.062701 0.082429 -0.000000 -0.066498 0.996809 0.044156 9.933500 -0.079398 -0.049400 0.995618 -1.156000 0.000000 0.000000 0.000000 1.000000
0.996166 0.057173 0.066214 0.000000 -0.061064 0.996430 0.058302 9.933500 -0.062644 -0.062122 0.996101 -1.156000 0.000000 0.000000 0.000000 1.000000
0.998218 0.037126 0.046715 0.000000 -0.040374 0.996686 0.070621 9.933500 -0.043938 -0.072381 0.996409 -1.156000 0.000000 0.000000 0.000000 1.000000
0.999810 -0.003313 0.019235 0.000000 0.001923 0.997415 0.071833 9.933500 -0.019423 -0.071783 0.997231 -1.156000 0.000000 0.000000 0.000000 1.000000
0.998236 -0.057438 -0.015036 -0.000000 0.058195 0.996731 0.056048 9.933500 0.011768 -0.056824 0.998315 -1.156000 0.000000 0.000000 0.000000 1.000000
0.993317 -0.105593 -0.046606 0.000000 0.106976 0.993861 0.028228 9.933500 0.043340 -0.033025 0.998514 -1.156000 0.000000 0.000000 0.000000 1.000000
0.989227 -0.131666 -0.063985 0.000000 0.132376 0.991175 0.006981 9.933500 0.062502 -0.015376 0.997926 -1.156000 0.000000 0.000000 0.000000 1.000000
0.986720 -0.149412 -0.063708 0.000000 0.150097 0.988653 0.006074 9.933500 0.062077 -0.015556 0.997950 -1.156000 0.000000 0.000000 0.000000 1.000000
0.980330 -0.191490 -0.047802 0.000000 0.192429 0.981183 0.015836 9.933500 0.043870 -0.024723 0.998731 -1.156000 0.000000 0.000000 0.000000 1.000000
0.981216 -0.190880 -0.027944 0.000000 0.191684 0.981010 0.029621 9.933500 0.021760 -0.034421 0.999171 -1.156000 0.000000 0.000000 0.000000 1.000000
0.985972 -0.166264 -0.014712 -0.000000 0.166644 0.985557 0.030133 9.933500 0.009489 -0.032162 0.999438 -1.156000 0.000000 0.000000 0.000000 1.000000
0.990105 -0.140049 -0.008823 0.000000 0.140221 0.989840 0.023538 9.933500 0.005437 -0.024542 0.999684 -1.156000 0.000000 0.000000 0.000000 1.000000
0.992238 -0.124019 -0.009170 0.000000 0.124193 0.992017 0.021883 9.933500 0.006383 -0.022852 0.999718 -1.156000 0.000000 0.000000 0.000000 1.000000
0.994889 -0.098563 -0.021940 0.000000 0.099149 0.994694 0.027445 9.933500 0.019119 -0.029480 0.999383 -1.156000 0.000000 0.000000 0.000000 1.000000
0.997773 -0.054620 -0.038275 0.000000 0.055785 0.997990 0.030055 9.933500 0.036557 -0.032123 0.998815 -1.156000 0.000000 0.000000 0.000000 1.000000
0.998862 -0.022831 -0.041883 0.000000 0.023224 0.999690 0.008923 9.933500 0.041667 -0.009885 0.999083 -1.156000 0.000000 0.000000 0.000000 1.000000
0.999470 -0.008090 -0.031532 0.000000 0.008092 0.999967 -0.000076 9.933500 0.031531 -0.000179 0.999503 -1.156000 0.000000 0.000000 0.000000 1.000000
0.999807 0.000327 -0.019655 0.000000 -0.000474 0.999972 -0.007506 9.933500 0.019651 0.007514 0.999779 -1.156000 0.000000 0.000000 0.000000 1.000000
0.999740 0.014557 -0.017565 0.000000 -0.014790 0.999803 -0.013199 9.933500 0.017369 0.013456 0.999759 -1.156000 0.000000 0.000000 0.000000 1.000000
0.999141 0.033568 -0.024307 0.000000 -0.033886 0.999344 -0.012788 9.933500 0.023862 0.013600 0.999623 -1.156000 0.000000 0.000000 0.000000 1.000000
0.999027 0.038052 -0.022293 0.000000 -0.038077 0.999275 -0.000699 9.933500 0.022250 0.001547 0.999751 -1.156000 0.000000 0.000000 0.000000 1.000000
0.999833 0.018073 0.002792 0.000000 -0.018130 0.999594 0.022001 9.933500 -0.002393 -0.022048 0.999754 -1.156000 0.000000 0.000000 0.000000 1.000000
0.999450 0.003425 0.032971 0.000000 -0.004764 0.999164 0.040612 9.933500 -0.032805 -0.040747 0.998631 -1.156000 0.000000 0.000000 0.000000 1.000000
0.998306 0.007131 0.057750 0.000000 -0.009781 0.998906 0.045735 9.933500 -0.057361 -0.046222 0.997283 -1.156000 0.000000 0.000000 0.000000 1.000000
0.996830 0.004710 0.079421 -0.000000 -0.008544 0.998810 0.048008 9.933500 -0.079101 -0.048534 0.995684 -1.156000 0.000000 0.000000 0.000000 1.000000
0.996162 -0.005195 0.087375 0.000000 -0.000253 0.998062 0.062224 9.933500 -0.087529 -0.062007 0.994230 -1.156000 0.000000 0.000000 0.000000 1.000000
0.996554 -0.016249 0.081338 0.000000 0.009445 0.996475 0.083352 9.933500 -0.082406 -0.082296 0.993195 -1.156000 0.000000 0.000000 0.000000 1.000000
0.997061 -0.024251 0.072672 0.000000 0.017418 0.995493 0.093217 9.933500 -0.074605 -0.091677 0.992990 -1.156000 0.000000 0.000000 0.000000 1.000000
0.997306 -0.022079 0.069946 0.000000 0.015863 0.995976 0.088209 9.933500 -0.071612 -0.086861 0.993643 -1.156000 0.000000 0.000000 0.000000 1.000000</float_array>
        <technique_common>
          <accessor source="#mixamorig_Spine-Matrix-animation-output-transform-array" count="38" stride="16">
            <param type="float4x4"/>
          </accessor>
        </technique_common>
      </source>
      <source id="mixamorig_Spine-Interpolations">
        <Name_array id="mixamorig_Spine-Interpolations-array" count="38">
 LINEAR LINEAR LINEAR LINEAR LINEAR LINEAR LINEAR LINEAR LINEAR LINEAR LINEAR
LINEAR LINEAR LINEAR LINEAR LINEAR LINEAR LINEAR LINEAR LINEAR LINEAR LINEAR LINEAR
LINEAR LINEAR LINEAR LINEAR LINEAR LINEAR LINEAR LINEAR LINEAR LINEAR LINEAR LINEAR
LINEAR LINEAR LINEAR</Name_array>
        <technique_common>
          <accessor source="#mixamorig_Spine-Interpolations-array" count="38">
            <param type="name"/>
          </accessor>
        </technique_common>
      </source>
      <sampler id="mixamorig_Spine-Matrix-animation-transform">
        <input semantic="INPUT" source="#mixamorig_Spine-Matrix-animation-input"/>
        <input semantic="OUTPUT" source="#mixamorig_Spine-Matrix-animation-output-transform"/>
        <input semantic="INTERPOLATION" source="#mixamorig_Spine-Interpolations"/>
      </sampler>
      <channel source="#mixamorig_Spine-Matrix-animation-transform" target="mixamorig_Spine/matrix"/>
    </animation>
    <animation id="mixamorig_Spine1-anim" name="mixamorig_Spine1">
      <source id="mixamorig_Spine1-Matrix-animation-input">
        <float_array id="mixamorig_Spine1-Matrix-animation-input-array" count="38">

0.000000 0.033333 0.066667 0.100000 0.133333 0.166667 0.200000 0.233333 0.266667 0.300000 0.333333 0.366667 0.400000 0.433333 0.466667 0.500000
0.533333 0.566667 0.600000 0.633333 0.666667 0.700000 0.733333 0.766667 0.800000 0.833333 0.866667 0.900000 0.933333 0.966667 1.000000 1.033333
1.066667 1.100000 1.133333 1.166667 1.200000 1.233333</float_array>
        <technique_common>
          <accessor source="#mixamorig_Spine1-Matrix-animation-input-array" count="38">
            <param name="TIME" type="float"/>
          </accessor>
        </technique_common>
      </source>
      <source id="mixamorig_Spine1-Matrix-animation-output-transform">
        <float_array id="mixamorig_Spine1-Matrix-animation-output-transform-array" count="608">

0.989263 0.025397 0.143920 0.000000 -0.016305 0.997816 -0.064010 11.667300 -0.145232 0.060976 0.987517 0.000000 0.000000 0.000000 0.000000 1.000000
0.987854 0.027570 0.152917 0.000000 -0.014731 0.996318 -0.084463 11.667300 -0.154683 0.081185 0.984623 -0.000000 0.000000 0.000000 0.000000 1.000000
0.986251 0.037768 0.160883 0.000000 -0.021479 0.994572 -0.101807 11.667300 -0.163854 0.096951 0.981709 0.000000 0.000000 0.000000 0.000000 1.000000
0.984446 0.049804 0.168479 0.000000 -0.029902 0.992484 -0.118665 11.667300 -0.173123 0.111781 0.978536 0.000000 0.000000 0.000000 0.000000 1.000000
0.981914 0.064580 0.177974 0.000000 -0.040549 0.989948 -0.135497 11.667300 -0.184936 0.125830 0.974662 0.000000 0.000000 0.000000 0.000000 1.000000
0.977563 0.085214 0.192639 -0.000000 -0.055869 0.986656 -0.152935 11.667300 -0.203101 0.138741 0.969279 0.000000 0.000000 0.000000 0.000000 1.000000
0.971739 0.109582 0.209081 0.000000 -0.074218 0.982633 -0.170069 11.667300 -0.224087 0.149745 0.962996 -0.000000 0.000000 0.000000 0.000000 1.000000
0.965189 0.135560 0.223681 0.000000 -0.094891 0.978427 -0.183511 11.667300 -0.243733 0.155897 0.957231 0.000000 0.000000 0.000000 0.000000 1.000000
0.965211 0.146964 0.216262 0.000000 -0.109150 0.978050 -0.177493 11.667300 -0.237600 0.147714 0.960066 0.000000 0.000000 0.000000 0.000000 1.000000
0.967775 0.151548 0.201108 0.000000 -0.119252 0.979219 -0.164041 11.667300 -0.221789 0.134772 0.965736 0.000000 0.000000 0.000000 0.000000 1.000000
0.976377 0.136498 0.167500 0.000000 -0.114489 0.984249 -0.134704 11.667300 -0.183249 0.112345 0.976626 0.000000 0.000000 0.000000 0.000000 1.000000
0.987163 0.104569 0.120727 0.000000 -0.091820 0.990038 -0.106741 11.667300 -0.130686 0.094286 0.986930 0.000000 0.000000 0.000000 0.000000 1.000000
0.996727 0.058417 0.055887 0.000000 -0.052790 0.993850 -0.097345 11.667300 -0.061230 0.094076 0.993680 0.000000 0.000000 0.000000 0.000000 1.000000
0.999679 0.005347 -0.024750 -0.000000 -0.008215 0.993066 -0.117270 11.667300 0.023951 0.117436 0.992792 0.000000 0.000000 0.000000 0.000000 1.000000
0.994085 -0.041785 -0.100243 -0.000000 0.025483 0.986996 -0.158712 11.667300 0.105571 0.155219 0.982223 0.000000 0.000000 0.000000 0.000000 1.000000
0.986463 -0.070559 -0.148029 0.000000 0.041526 0.980760 -0.190752 11.667300 0.158640 0.182022 0.970413 0.000000 0.000000 0.000000 0.000000 1.000000
0.981945 -0.083081 -0.169948 -0.000000 0.050755 0.981164 -0.186391 11.667300 0.182232 0.174400 0.967665 0.000000 0.000000 0.000000 0.000000 1.000000
0.978967 -0.092948 -0.181614 0.000000 0.064726 0.985701 -0.155574 11.667300 0.193477 0.140546 0.970986 0.000000 0.000000 0.000000 0.000000 1.000000
0.978029 -0.094761 -0.185688 0.000000 0.071567 0.989206 -0.127869 11.667300 0.195801 0.111770 0.974253 0.000000 0.000000 0.000000 0.000000 1.000000
0.979630 -0.093685 -0.177617 0.000000 0.070633 0.988737 -0.131944 11.667300 0.187978 0.116711 0.975214 -0.000000 0.000000 0.000000 0.000000 1.000000
0.982623 -0.087097 -0.163910 0.000000 0.062275 0.986584 -0.150911 11.667300 0.174854 0.138081 0.974864 0.000000 0.000000 0.000000 0.000000 1.000000
0.984411 -0.076197 -0.158524 0.000000 0.051413 0.986584 -0.154947 11.667300 0.168204 0.144381 0.975121 -0.000000 0.000000 0.000000 0.000000 1.000000
0.984518 -0.059562 -0.164854 0.000000 0.035427 0.988702 -0.145648 11.667300 0.171667 0.137553 0.975505 0.000000 0.000000 0.000000 0.000000 1.000000
0.984539 -0.032795 -0.172070 -0.000000 0.007893 0.989626 -0.143453 11.667300 0.174990 0.139877 0.974583 0.000000 0.000000 0.000000 0.000000 1.000000
0.986504 -0.004705 -0.163671 0.000000 -0.022657 0.986049 -0.164905 11.667300 0.162164 0.166387 0.972635 0.000000 0.000000 0.000000 0.000000 1.000000
0.990778 0.011276 -0.135023 0.000000 -0.036062 0.982532 -0.182566 11.667300 0.130606 0.185752 0.973878 0.000000 0.000000 0.000000 0.000000 1.000000
0.994847 0.018188 -0.099739 0.000000 -0.037724 0.979545 -0.197658 11.667300 0.094103 0.200403 0.975184 -0.000000 0.000000 0.000000 0.000000 1.000000
0.996237 0.036815 -0.078461 0.000000 -0.052404 0.976939 -0.206988 11.667300 0.069031 0.210321 0.975192 0.000000 0.000000 0.000000 0.000000 1.000000
0.994596 0.072452 -0.074360 0.000000 -0.086230 0.975370 -0.203019 11.667300 0.057819 0.208334 0.976347 0.000000 0.000000 0.000000 0.000000 1.000000
0.992224 0.104205 -0.068063 0.000000 -0.115013 0.976667 -0.181369 11.667300 0.047575 0.187786 0.981057 0.000000 0.000000 0.000000 0.000000 1.000000
0.992972 0.112824 -0.035742 -0.000000 -0.116922 0.981959 -0.148615 11.667300 0.018330 0.151750 0.988249 0.000000 0.000000 0.000000 0.000000 1.000000
0.994446 0.102824 0.022455 0.000000 -0.099239 0.987141 -0.125317 11.667300 -0.035052 0.122393 0.991863 0.000000 0.000000 0.000000 0.000000 1.000000
0.992106 0.083355 0.093689 0.000000 -0.071665 0.989954 -0.121881 11.667300 -0.102907 0.114204 0.988113 0.000000 0.000000 0.000000 0.000000 1.000000
0.986606 0.057307 0.152721 0.000000 -0.038839 0.991858 -0.121279 11.667300 -0.158428 0.113723 0.980799 0.000000 0.000000 0.000000 0.000000 1.000000
0.983998 0.036327 0.174439 -0.000000 -0.019244 0.994937 -0.098646 11.667300 -0.177139 0.093710 0.979714 0.000000 0.000000 0.000000 0.000000 1.000000
0.986309 0.028059 0.162502 0.000000 -0.017739 0.997753 -0.064613 11.667300 -0.163950 0.060846 0.984590 0.000000 0.000000 0.000000 0.000000 1.000000
0.989058 0.026663 0.145100 0.000000 -0.019283 0.998459 -0.052028 11.667300 -0.146264 0.048661 0.988048 0.000000 0.000000 0.000000 0.000000 1.000000
0.989264 0.025377 0.143919 0.000000 -0.016286 0.997817 -0.063997 11.667300 -0.145229 0.060966 0.987518 0.000000 0.000000 0.000000 0.000000 1.000000</float_array>
        <technique_common>
          <accessor source="#mixamorig_Spine1-Matrix-animation-output-transform-array" count="38" stride="16">
            <param type="float4x4"/>
          </accessor>
        </technique_common>
      </source>
      <source id="mixamorig_Spine1-Interpolations">
        <Name_array id="mixamorig_Spine1-Interpolations-array" count="38">
 LINEAR LINEAR LINEAR LINEAR LINEAR LINEAR LINEAR LINEAR LINEAR LINEAR LINEAR
LINEAR LINEAR LINEAR LINEAR LINEAR LINEAR LINEAR LINEAR LINEAR LINEAR LINEAR LINEAR
LINEAR LINEAR LINEAR LINEAR LINEAR LINEAR LINEAR LINEAR LINEAR LINEAR LINEAR LINEAR
LINEAR LINEAR LINEAR</Name_array>
        <technique_common>
          <accessor source="#mixamorig_Spine1-Interpolations-array" count="38">
            <param type="name"/>
          </accessor>
        </technique_common>
      </source>
      <sampler id="mixamorig_Spine1-Matrix-animation-transform">
        <input semantic="INPUT" source="#mixamorig_Spine1-Matrix-animation-input"/>
        <input semantic="OUTPUT" source="#mixamorig_Spine1-Matrix-animation-output-transform"/>
        <input semantic="INTERPOLATION" source="#mixamorig_Spine1-Interpolations"/>
      </sampler>
      <channel source="#mixamorig_Spine1-Matrix-animation-transform" target="mixamorig_Spine1/matrix"/>
    </animation>
    <animation id="mixamorig_Spine2-anim" name="mixamorig_Spine2">
      <source id="mixamorig_Spine2-Matrix-animation-input">
        <float_array id="mixamorig_Spine2-Matrix-animation-input-array" count="38">

0.000000 0.033333 0.066667 0.100000 0.133333 0.166667 0.200000 0.233333 0.266667 0.300000 0.333333 0.366667 0.400000 0.433333 0.466667 0.500000
0.533333 0.566667 0.600000 0.633333 0.666667 0.700000 0.733333 0.766667 0.800000 0.833333 0.866667 0.900000 0.933333 0.966667 1.000000 1.033333
1.066667 1.100000 1.133333 1.166667 1.200000 1.233333</float_array>
        <technique_common>
          <accessor source="#mixamorig_Spine2-Matrix-animation-input-array" count="38">
            <param name="TIME" type="float"/>
          </accessor>
        </technique_common>
      </source>
      <source id="mixamorig_Spine2-Matrix-animation-output-transform">
        <float_array id="mixamorig_Spine2-Matrix-animation-output-transform-array" count="608">

0.989295 0.025347 0.143714 0.000000 -0.016251 0.997810 -0.064112 13.334100 -0.145024 0.061090 0.987540 0.000000 0.000000 0.000000 0.000000 1.000000
0.987903 0.027118 0.152683 0.000000 -0.014262 0.996307 -0.084671 13.334100 -0.154415 0.081469 0.984641 0.000000 0.000000 0.000000 0.000000 1.000000
0.986325 0.037018 0.160602 -0.000000 -0.020683 0.994547 -0.102214 13.334100 -0.163510 0.097494 0.981713 -0.000000 0.000000 0.000000 0.000000 1.000000
0.984555 0.048777 0.168142 0.000000 -0.028795 0.992441 -0.119295 13.334100 -0.172690 0.112611 0.978518 0.000000 0.000000 0.000000 0.000000 1.000000
0.982092 0.063280 0.177459 0.000000 -0.039109 0.989863 -0.136537 13.334100 -0.184300 0.127151 0.974611 0.000000 0.000000 0.000000 0.000000 1.000000
0.977897 0.083648 0.191626 0.000000 -0.054047 0.986467 -0.154796 13.334100 -0.201981 0.141018 0.969184 -0.000000 0.000000 0.000000 0.000000 1.000000
0.972307 0.107776 0.207374 -0.000000 -0.071984 0.982287 -0.173002 13.334100 -0.222347 0.153283 0.962843 -0.000000 0.000000 0.000000 0.000000 1.000000
0.966043 0.133543 0.221193 -0.000000 -0.092182 0.977875 -0.187787 13.334100 -0.241376 0.161020 0.956980 0.000000 0.000000 0.000000 0.000000 1.000000
0.966134 0.145460 0.213133 0.000000 -0.106925 0.977399 -0.182369 13.334100 -0.234843 0.153404 0.959852 -0.000000 0.000000 0.000000 0.000000 1.000000
0.968650 0.150704 0.197498 0.000000 -0.117752 0.978530 -0.169155 13.334100 -0.218750 0.140596 0.965599 -0.000000 0.000000 0.000000 0.000000 1.000000
0.976982 0.136380 0.164031 0.000000 -0.113975 0.983707 -0.139035 13.334100 -0.180320 0.117140 0.976608 -0.000000 0.000000 0.000000 0.000000 1.000000
0.987457 0.104616 0.118257 0.000000 -0.091763 0.989758 -0.109356 13.334100 -0.128486 0.097133 0.986943 0.000000 0.000000 0.000000 0.000000 1.000000
0.996789 0.058199 0.054999 -0.000000 -0.052620 0.993799 -0.097956 13.334100 -0.060359 0.094747 0.993670 0.000000 0.000000 0.000000 0.000000 1.000000
0.999699 0.005664 -0.023875 0.000000 -0.008430 0.993050 -0.117387 13.334100 0.023044 0.117553 0.992799 -0.000000 0.000000 0.000000 0.000000 1.000000
0.994456 -0.039402 -0.097496 -0.000000 0.023350 0.986741 -0.160617 13.334100 0.102532 0.157450 0.982190 -0.000000 0.000000 0.000000 0.000000 1.000000
0.987387 -0.065823 -0.143996 -0.000000 0.036930 0.980145 -0.194813 13.334100 0.153960 0.187038 0.970213 -0.000000 0.000000 0.000000 0.000000 1.000000
0.983102 -0.077094 -0.166036 -0.000000 0.044499 0.980433 -0.191755 13.334100 0.177570 0.181126 0.967296 0.000000 0.000000 0.000000 0.000000 1.000000
0.980008 -0.085857 -0.179481 -0.000000 0.056704 0.985214 -0.161674 13.334100 0.190708 0.148264 0.970386 0.000000 0.000000 0.000000 0.000000 1.000000
0.978671 -0.087107 -0.186052 0.000000 0.062840 0.989180 -0.132569 13.334100 0.195587 0.118050 0.973555 -0.000000 0.000000 0.000000 0.000000 1.000000
0.980085 -0.085761 -0.179104 0.000000 0.061869 0.988916 -0.134972 13.334100 0.188695 0.121203 0.974528 -0.000000 0.000000 0.000000 0.000000 1.000000
0.983009 -0.079094 -0.165644 0.000000 0.053641 0.986792 -0.152856 13.334100 0.175546 0.141373 0.974268 0.000000 0.000000 0.000000 0.000000 1.000000
0.984709 -0.068082 -0.160351 0.000000 0.042797 0.986803 -0.156166 13.334100 0.168867 0.146916 0.974628 0.000000 0.000000 0.000000 0.000000 1.000000
0.984691 -0.051169 -0.166630 0.000000 0.026696 0.988935 -0.145928 13.334100 0.172254 0.139246 0.975161 0.000000 0.000000 0.000000 0.000000 1.000000
0.984501 -0.024156 -0.173705 0.000000 -0.000806 0.989835 -0.142217 13.334100 0.175375 0.140153 0.974475 0.000000 0.000000 0.000000 0.000000 1.000000
0.986234 0.005244 -0.165275 0.000000 -0.032453 0.986198 -0.162360 13.334100 0.162142 0.165489 0.972791 -0.000000 0.000000 0.000000 0.000000 1.000000
0.990500 0.019685 -0.136098 0.000000 -0.044321 0.982586 -0.180444 13.334100 0.130176 0.184761 0.974124 0.000000 0.000000 0.000000 0.000000 1.000000
0.994614 0.024485 -0.100717 0.000000 -0.043977 0.979589 -0.196143 13.334100 0.093859 0.199516 0.975389 0.000000 0.000000 0.000000 0.000000 1.000000
0.995954 0.042003 -0.079443 0.000000 -0.057585 0.976989 -0.205371 13.334100 0.068989 0.209115 0.975455 0.000000 0.000000 0.000000 0.000000 1.000000
0.994199 0.077684 -0.074383 -0.000000 -0.091238 0.975370 -0.200821 13.334100 0.056951 0.206443 0.976800 0.000000 0.000000 0.000000 0.000000 1.000000
0.991872 0.108845 -0.065901 0.000000 -0.119077 0.976564 -0.179285 13.334100 0.044842 0.185675 0.981588 0.000000 0.000000 0.000000 0.000000 1.000000
0.992835 0.115057 -0.032264 0.000000 -0.118590 0.981883 -0.147791 13.334100 0.014676 0.150559 0.988492 -0.000000 0.000000 0.000000 0.000000 1.000000
0.994414 0.102440 0.025435 0.000000 -0.098483 0.987185 -0.125568 13.334100 -0.037972 0.122361 0.991759 0.000000 0.000000 0.000000 0.000000 1.000000
0.992135 0.080541 0.095817 -0.000000 -0.068516 0.990066 -0.122781 13.334100 -0.104754 0.115250 0.987798 -0.000000 0.000000 0.000000 0.000000 1.000000
0.986634 0.052589 0.154232 -0.000000 -0.033833 0.991977 -0.121803 13.334100 -0.159400 0.114957 0.980498 0.000000 0.000000 0.000000 0.000000 1.000000
0.983986 0.032400 0.175275 0.000000 -0.015218 0.995021 -0.098498 13.334100 -0.177594 0.094254 0.979580 0.000000 0.000000 0.000000 0.000000 1.000000
0.986314 0.026713 0.162702 0.000000 -0.016381 0.997782 -0.064518 13.334100 -0.164064 0.060969 0.984564 -0.000000 0.000000 0.000000 0.000000 1.000000
0.989081 0.026617 0.144951 -0.000000 -0.019240 0.998459 -0.052057 13.334100 -0.146114 0.048700 0.988068 0.000000 0.000000 0.000000 0.000000 1.000000
0.989295 0.025328 0.143713 -0.000000 -0.016235 0.997812 -0.064097 13.334100 -0.145022 0.061077 0.987541 -0.000000 0.000000 0.000000 0.000000 1.000000</float_array>
        <technique_common>
          <accessor source="#mixamorig_Spine2-Matrix-animation-output-transform-array" count="38" stride="16">
            <param type="float4x4"/>
          </accessor>
        </technique_common>
      </source>
      <source id="mixamorig_Spine2-Interpolations">
        <Name_array id="mixamorig_Spine2-Interpolations-array" count="38">
 LINEAR LINEAR LINEAR LINEAR LINEAR LINEAR LINEAR LINEAR LINEAR LINEAR LINEAR
LINEAR LINEAR LINEAR LINEAR LINEAR LINEAR LINEAR LINEAR LINEAR LINEAR LINEAR LINEAR
LINEAR LINEAR LINEAR LINEAR LINEAR LINEAR LINEAR LINEAR LINEAR LINEAR LINEAR LINEAR
LINEAR LINEAR LINEAR</Name_array>
        <technique_common>
          <accessor source="#mixamorig_Spine2-Interpolations-array" count="38">
            <param type="name"/>
          </accessor>
        </technique_common>
      </source>
      <sampler id="mixamorig_Spine2-Matrix-animation-transform">
        <input semantic="INPUT" source="#mixamorig_Spine2-Matrix-animation-input"/>
        <input semantic="OUTPUT" source="#mixamorig_Spine2-Matrix-animation-output-transform"/>
        <input semantic="INTERPOLATION" source="#mixamorig_Spine2-Interpolations"/>
      </sampler>
      <channel source="#mixamorig_Spine2-Matrix-animation-transform" target="mixamorig_Spine2/matrix"/>
    </animation>
    <animation id="mixamorig_Neck-anim" name="mixamorig_Neck">
      <source id="mixamorig_Neck-Matrix-animation-input">
        <float_array id="mixamorig_Neck-Matrix-animation-input-array" count="38">

0.000000 0.033333 0.066667 0.100000 0.133333 0.166667 0.200000 0.233333 0.266667 0.300000 0.333333 0.366667 0.400000 0.433333 0.466667 0.500000
0.533333 0.566667 0.600000 0.633333 0.666667 0.700000 0.733333 0.766667 0.800000 0.833333 0.866667 0.900000 0.933333 0.966667 1.000000 1.033333
1.066667 1.100000 1.133333 1.166667 1.200000 1.233333</float_array>
        <technique_common>
          <accessor source="#mixamorig_Neck-Matrix-animation-input-array" count="38">
            <param name="TIME" type="float"/>
          </accessor>
        </technique_common>
      </source>
      <source id="mixamorig_Neck-Matrix-animation-output-transform">
        <float_array id="mixamorig_Neck-Matrix-animation-output-transform-array" count="608">

0.997713 -0.045054 -0.050393 0.000000 0.037219 0.988459 -0.146847 15.000900 0.056428 0.144635 0.987875 -0.000000 0.000000 0.000000 0.000000 1.000000
0.997510 -0.038507 -0.059081 0.000000 0.030206 0.990323 -0.135455 15.000900 0.063725 0.133333 0.989020 0.000000 0.000000 0.000000 0.000000 1.000000
0.996510 -0.047406 -0.068699 0.000000 0.040298 0.994030 -0.101397 15.000900 0.073096 0.098274 0.992471 -0.000000 0.000000 0.000000 0.000000 1.000000
0.995136 -0.058379 -0.079348 0.000000 0.053442 0.996583 -0.062977 15.000900 0.082754 0.058430 0.994856 0.000000 0.000000 0.000000 0.000000 1.000000
0.993770 -0.066124 -0.089710 0.000000 0.064503 0.997700 -0.020857 15.000900 0.090883 0.014940 0.995750 0.000000 0.000000 0.000000 0.000000 1.000000
0.993022 -0.066672 -0.097275 0.000000 0.069880 0.997106 0.029944 15.000900 0.094997 -0.036532 0.994807 0.000000 0.000000 0.000000 0.000000 1.000000
0.992628 -0.063059 -0.103504 0.000000 0.071906 0.993860 0.084095 15.000900 0.097565 -0.090917 0.991068 0.000000 0.000000 0.000000 0.000000 1.000000
0.992375 -0.054988 -0.110306 0.000000 0.069348 0.988969 0.130885 15.000900 0.101893 -0.137536 0.985242 0.000000 0.000000 0.000000 0.000000 1.000000
0.993262 -0.038646 -0.109253 0.000000 0.054899 0.987173 0.149920 15.000900 0.102058 -0.154908 0.982643 0.000000 0.000000 0.000000 0.000000 1.000000
0.994360 -0.019388 -0.104268 0.000000 0.035729 0.986917 0.157222 15.000900 0.099855 -0.160061 0.982043 0.000000 0.000000 0.000000 0.000000 1.000000
0.995932 0.007191 -0.089816 -0.000000 0.004855 0.991079 0.133184 15.000900 0.089972 -0.133078 0.987013 0.000000 0.000000 0.000000 0.000000 1.000000
0.997186 0.015808 -0.073281 -0.000000 -0.009468 0.996245 0.086063 15.000900 0.074367 -0.085127 0.993591 -0.000000 0.000000 0.000000 0.000000 1.000000
0.998419 -0.000312 -0.056213 0.000000 0.001654 0.999714 0.023837 15.000900 0.056190 -0.023892 0.998134 0.000000 0.000000 0.000000 0.000000 1.000000
0.999117 -0.022162 -0.035684 0.000000 0.020846 0.999104 -0.036823 15.000900 0.036468 0.036047 0.998684 0.000000 0.000000 0.000000 0.000000 1.000000
0.999692 -0.022845 -0.009718 0.000000 0.021945 0.996196 -0.084335 15.000900 0.011608 0.084096 0.996390 0.000000 0.000000 0.000000 0.000000 1.000000
0.999806 0.004187 0.019272 0.000000 -0.001575 0.991030 -0.133632 15.000900 -0.019658 0.133576 0.990844 0.000000 0.000000 0.000000 0.000000 1.000000
0.997820 0.048719 0.044515 0.000000 -0.037811 0.974898 -0.219417 15.000900 -0.054087 0.217256 0.974615 0.000000 0.000000 0.000000 0.000000 1.000000
0.994492 0.089492 0.054558 0.000000 -0.066603 0.941514 -0.330325 15.000900 -0.080929 0.324872 0.942289 0.000000 0.000000 0.000000 0.000000 1.000000
0.991964 0.114577 0.053669 0.000000 -0.084052 0.913810 -0.397350 15.000900 -0.094570 0.389645 0.916097 -0.000000 0.000000 0.000000 0.000000 1.000000
0.988759 0.138930 0.055268 0.000000 -0.105615 0.910607 -0.399549 15.000900 -0.105837 0.389221 0.915044 0.000000 0.000000 0.000000 0.000000 1.000000
0.984087 0.167170 0.060216 0.000000 -0.133893 0.920459 -0.367188 15.000900 -0.116809 0.353283 0.928196 0.000000 0.000000 0.000000 0.000000 1.000000
0.980928 0.183920 0.062874 -0.000000 -0.151406 0.925864 -0.346195 15.000900 -0.121885 0.330073 0.936053 0.000000 0.000000 0.000000 0.000000 1.000000
0.981599 0.180460 0.062423 -0.000000 -0.149105 0.928594 -0.339826 15.000900 -0.119291 0.324265 0.938414 0.000000 0.000000 0.000000 0.000000 1.000000
0.984807 0.162012 0.062506 -0.000000 -0.134772 0.940067 -0.313226 15.000900 -0.109507 0.300043 0.947619 0.000000 0.000000 0.000000 0.000000 1.000000
0.988848 0.135660 0.061446 0.000000 -0.116931 0.962753 -0.243790 15.000900 -0.092230 0.233886 0.967880 0.000000 0.000000 0.000000 0.000000 1.000000
0.991737 0.115591 0.055645 -0.000000 -0.107182 0.984932 -0.135726 15.000900 -0.070496 0.128641 0.989182 -0.000000 0.000000 0.000000 0.000000 1.000000
0.993878 0.099806 0.047380 -0.000000 -0.097905 0.994356 -0.040877 15.000900 -0.051192 0.035988 0.998040 -0.000000 0.000000 0.000000 0.000000 1.000000
0.997203 0.063438 0.039512 0.000000 -0.063313 0.997984 -0.004423 15.000900 -0.039713 0.001909 0.999209 0.000000 0.000000 0.000000 0.000000 1.000000
0.999362 0.007441 0.034939 -0.000000 -0.006696 0.999749 -0.021384 15.000900 -0.035090 0.021137 0.999161 0.000000 0.000000 0.000000 0.000000 1.000000
0.998564 -0.041650 0.033683 0.000000 0.043477 0.997513 -0.055470 15.000900 -0.031289 0.056855 0.997892 0.000000 0.000000 0.000000 0.000000 1.000000
0.997070 -0.071958 0.025951 0.000000 0.073684 0.994594 -0.073163 15.000900 -0.020546 0.074861 0.996982 0.000000 0.000000 0.000000 0.000000 1.000000
0.996639 -0.081062 0.011851 0.000000 0.081716 0.993950 -0.073391 15.000900 -0.005831 0.074113 0.997233 -0.000000 0.000000 0.000000 0.000000 1.000000
0.997060 -0.076599 -0.002059 0.000000 0.076223 0.994209 -0.075751 15.000900 0.007849 0.075372 0.997125 -0.000000 0.000000 0.000000 0.000000 1.000000
0.997439 -0.069839 -0.015430 0.000000 0.068099 0.993278 -0.093604 15.000900 0.021863 0.092314 0.995490 0.000000 0.000000 0.000000 0.000000 1.000000
0.997490 -0.065520 -0.026866 0.000000 0.061843 0.990816 -0.120242 15.000900 0.034498 0.118279 0.992381 -0.000000 0.000000 0.000000 0.000000 1.000000
0.997479 -0.061501 -0.035410 -0.000000 0.055950 0.988469 -0.140707 15.000900 0.043655 0.138371 0.989418 0.000000 0.000000 0.000000 0.000000 1.000000
0.997607 -0.054317 -0.042769 0.000000 0.047400 0.987730 -0.148806 15.000900 0.050327 0.146422 0.987941 0.000000 0.000000 0.000000 0.000000 1.000000
0.997713 -0.045054 -0.050393 0.000000 0.037219 0.988459 -0.146847 15.000900 0.056428 0.144635 0.987875 -0.000000 0.000000 0.000000 0.000000 1.000000</float_array>
        <technique_common>
          <accessor source="#mixamorig_Neck-Matrix-animation-output-transform-array" count="38" stride="16">
            <param type="float4x4"/>
          </accessor>
        </technique_common>
      </source>
      <source id="mixamorig_Neck-Interpolations">
        <Name_array id="mixamorig_Neck-Interpolations-array" count="38">
 LINEAR LINEAR LINEAR LINEAR LINEAR LINEAR LINEAR LINEAR LINEAR LINEAR LINEAR
LINEAR LINEAR LINEAR LINEAR LINEAR LINEAR LINEAR LINEAR LINEAR LINEAR LINEAR LINEAR
LINEAR LINEAR LINEAR LINEAR LINEAR LINEAR LINEAR LINEAR LINEAR LINEAR LINEAR LINEAR
LINEAR LINEAR LINEAR</Name_array>
        <technique_common>
          <accessor source="#mixamorig_Neck-Interpolations-array" count="38">
            <param type="name"/>
          </accessor>
        </technique_common>
      </source>
      <sampler id="mixamorig_Neck-Matrix-animation-transform">
        <input semantic="INPUT" source="#mixamorig_Neck-Matrix-animation-input"/>
        <input semantic="OUTPUT" source="#mixamorig_Neck-Matrix-animation-output-transform"/>
