<?xml version="1.0" encoding="utf-8"?>
<COLLADA xmlns="http://www.collada.org/2005/11/COLLADASchema" version="1.4.1">
  <asset>
    <contributor>
      <author>Mixamo</author>
      <authoring_tool>COLLADA Mixamo exporter</authoring_tool>
      <comments/>
    </contributor>
    <created>2024-07-27T17:24:20Z</created>
    <modified>2024-07-27T17:24:20Z</modified>
    <revision/>
    <title/>
    <unit meter="0.010000"/>
    <up_axis>Y_UP</up_axis>
  </asset>
  <library_animations>
    <animation id="mixamorig_Hips-anim" name="mixamorig_Hips">
      <source id="mixamorig_Hips-Matrix-animation-input">
        <float_array id="mixamorig_Hips-Matrix-animation-input-array" count="31">

0.000000 0.033333 0.066667 0.100000 0.133333 0.166667 0.200000 0.233333 0.266667 0.300000 0.333333 0.366667 0.400000 0.433333 0.466667 0.500000
0.533333 0.566667 0.600000 0.633333 0.666667 0.700000 0.733333 0.766667 0.800000 0.833333 0.866667 0.900000 0.933333 0.966667 1.000000</float_array>
        <technique_common>
          <accessor source="#mixamorig_Hips-Matrix-animation-input-array" count="31">
            <param name="TIME" type="float"/>
          </accessor>
        </technique_common>
      </source>
      <source id="mixamorig_Hips-Matrix-animation-output-transform">
        <float_array id="mixamorig_Hips-Matrix-animation-output-transform-array" count="496">

0.952236 -0.041867 0.302478 -0.140529 0.148903 0.928470 -0.340251 84.965935 -0.266597 0.369039 0.890357 0.429465 0.000000 0.000000 0.000000 1.000000
0.970839 0.100827 0.217500 -0.018794 -0.052618 0.974752 -0.217003 95.215858 -0.233888 0.199231 0.951632 13.170630 0.000000 0.000000 0.000000 1.000000
0.965754 0.228810 0.122333 0.564950 -0.218499 0.971480 -0.092109 106.617638 -0.139920 0.062225 0.988206 26.267771 0.000000 0.000000 0.000000 1.000000
0.957296 0.285672 0.044445 1.100728 -0.286618 0.957903 0.016471 118.807236 -0.037869 -0.028506 0.998876 39.678638 0.000000 0.000000 0.000000 1.000000
0.969863 0.243644 -0.001968 1.138154 -0.242411 0.965708 0.092976 131.399384 0.024553 -0.089697 0.995666 53.156696 0.000000 0.000000 0.000000 1.000000
0.990494 0.135420 -0.024125 0.640408 -0.130359 0.980120 0.149572 143.881287 0.043901 -0.145006 0.988456 66.655167 0.000000 0.000000 0.000000 1.000000
0.998353 0.038773 -0.042277 -0.016384 -0.029705 0.979912 0.197206 155.721100 0.049074 -0.195626 0.979450 80.258751 0.000000 0.000000 0.000000 1.000000
0.997403 0.010320 -0.071280 -0.519546 0.005855 0.974788 0.223056 166.491547 0.071785 -0.222894 0.972196 94.071709 0.000000 0.000000 0.000000 1.000000
0.993470 0.044433 -0.105087 -0.945417 -0.020834 0.976215 0.215803 175.737808 0.112176 -0.212204 0.970766 108.052467 0.000000 0.000000 0.000000 1.000000
0.987279 0.097096 -0.125908 -1.568444 -0.072847 0.980107 0.184616 182.983475 0.141329 -0.173096 0.974712 122.064636 0.000000 0.000000 0.000000 1.000000
0.983609 0.130170 -0.124773 -2.449621 -0.110916 0.982370 0.150490 187.712830 0.142163 -0.134184 0.980706 136.009979 0.000000 0.000000 0.000000 1.000000
0.986031 0.126774 -0.108034 -3.382251 -0.112436 0.985142 0.129823 189.413086 0.122887 -0.115863 0.985634 149.855515 0.000000 0.000000 0.000000 1.000000
0.992858 0.083559 -0.085150 -4.163616 -0.072820 0.989825 0.122243 187.962936 0.094498 -0.115169 0.988841 163.662704 0.000000 0.000000 0.000000 1.000000
0.998327 0.005590 -0.057556 -4.711259 0.001011 0.993478 0.114021 181.984329 0.057818 -0.113889 0.991810 177.441299 0.000000 0.000000 0.000000 1.000000
0.995892 -0.088249 -0.020302 -4.988622 0.089806 0.991275 0.096479 172.114670 0.011611 -0.097906 0.995128 191.173309 0.000000 0.000000 0.000000 1.000000
0.984566 -0.172840 0.027488 -5.054541 0.170246 0.982271 0.078484 159.263657 -0.040566 -0.072593 0.996536 204.897842 0.000000 0.000000 0.000000 1.000000
0.974087 -0.212274 0.078066 -4.948614 0.205789 0.975029 0.083485 144.559601 -0.093838 -0.065256 0.993447 218.542236 0.000000 0.000000 0.000000 1.000000
0.965320 -0.230164 0.123213 -4.782903 0.219086 0.970858 0.097136 129.617111 -0.141979 -0.066773 0.987615 232.144196 0.000000 0.000000 0.000000 1.000000
0.971764 -0.186369 0.144712 -4.490115 0.169241 0.977883 0.122894 115.335457 -0.164415 -0.094933 0.981812 245.614120 0.000000 0.000000 0.000000 1.000000
0.984620 -0.106384 0.138587 -4.033531 0.087746 0.987051 0.134279 104.050926 -0.151077 -0.120054 0.981205 258.997955 0.000000 0.000000 0.000000 1.000000
0.993058 -0.021777 0.115591 -3.313527 0.008089 0.993029 0.117588 94.694878 -0.117346 -0.115837 0.986312 272.320892 0.000000 0.000000 0.000000 1.000000
0.994443 0.024705 0.102332 -2.323195 -0.031247 0.997535 0.062825 87.564682 -0.100528 -0.065674 0.992764 285.647278 0.000000 0.000000 0.000000 1.000000
0.992280 0.007535 0.123792 -1.285713 -0.003734 0.999515 -0.030915 84.071106 -0.123965 0.030214 0.991826 298.743378 0.000000 0.000000 0.000000 1.000000
0.980996 -0.058574 0.184977 -0.591499 0.085196 0.986561 -0.139424 84.245789 -0.174324 0.152534 0.972802 312.317108 0.000000 0.000000 0.000000 1.000000
0.954120 -0.128943 0.270239 -0.502516 0.192929 0.954945 -0.225517 86.272530 -0.228984 0.267307 0.936009 326.502594 0.000000 0.000000 0.000000 1.000000
0.917954 -0.164523 0.360960 -0.890506 0.272653 0.922608 -0.272863 87.345627 -0.288132 0.348893 0.891770 340.517639 0.000000 0.000000 0.000000 1.000000
0.883008 -0.155990 0.442679 -1.326321 0.306843 0.905549 -0.292963 87.019310 -0.355169 0.394522 0.847471 353.916992 0.000000 0.000000 0.000000 1.000000
0.860524 -0.120541 0.494942 -1.428206 0.302620 0.902541 -0.306335 86.144547 -0.409780 0.413388 0.813137 366.642487 0.000000 0.000000 0.000000 1.000000
0.865243 -0.082375 0.494540 -1.124718 0.270811 0.906916 -0.322745 85.494164 -0.421920 0.413179 0.807011 378.743744 0.000000 0.000000 0.000000 1.000000
0.910466 -0.063540 0.408673 -0.648341 0.215578 0.916187 -0.337829 85.197853 -0.352956 0.395682 0.847855 390.168793 0.000000 0.000000 0.000000 1.000000
0.952236 -0.041867 0.302478 -0.140530 0.148903 0.928470 -0.340251 84.965927 -0.266597 0.369039 0.890357 401.470886 0.000000 0.000000 0.000000 1.000000</float_array>
        <technique_common>
          <accessor source="#mixamorig_Hips-Matrix-animation-output-transform-array" count="31" stride="16">
            <param type="float4x4"/>
          </accessor>
        </technique_common>
      </source>
      <source id="mixamorig_Hips-Interpolations">
        <Name_array id="mixamorig_Hips-Interpolations-array" count="31">
 LINEAR LINEAR LINEAR LINEAR LINEAR LINEAR LINEAR LINEAR LINEAR LINEAR LINEAR
LINEAR LINEAR LINEAR LINEAR LINEAR LINEAR LINEAR LINEAR LINEAR LINEAR LINEAR LINEAR
LINEAR LINEAR LINEAR LINEAR LINEAR LINEAR LINEAR LINEAR</Name_array>
        <technique_common>
          <accessor source="#mixamorig_Hips-Interpolations-array" count="31">
            <param type="name"/>
          </accessor>
        </technique_common>
      </source>
      <sampler id="mixamorig_Hips-Matrix-animation-transform">
        <input semantic="INPUT" source="#mixamorig_Hips-Matrix-animation-input"/>
        <input semantic="OUTPUT" source="#mixamorig_Hips-Matrix-animation-output-transform"/>
        <input semantic="INTERPOLATION" source="#mixamorig_Hips-Interpolations"/>
      </sampler>
      <channel source="#mixamorig_Hips-Matrix-animation-transform" target="mixamorig_Hips/matrix"/>
    </animation>
    <animation id="mixamorig_Spine-anim" name="mixamorig_Spine">
      <source id="mixamorig_Spine-Matrix-animation-input">
        <float_array id="mixamorig_Spine-Matrix-animation-input-array" count="31">

0.000000 0.033333 0.066667 0.100000 0.133333 0.166667 0.200000 0.233333 0.266667 0.300000 0.333333 0.366667 0.400000 0.433333 0.466667 0.500000
0.533333 0.566667 0.600000 0.633333 0.666667 0.700000 0.733333 0.766667 0.800000 0.833333 0.866667 0.900000 0.933333 0.966667 1.000000</float_array>
        <technique_common>
          <accessor source="#mixamorig_Spine-Matrix-animation-input-array" count="31">
            <param name="TIME" type="float"/>
          </accessor>
        </technique_common>
      </source>
      <source id="mixamorig_Spine-Matrix-animation-output-transform">
        <float_array id="mixamorig_Spine-Matrix-animation-output-transform-array" count="496">

0.980039 0.025120 -0.197210 0.000000 -0.054021 0.988310 -0.142567 9.933500 0.191323 0.150375 0.969940 -1.156000 0.000000 0.000000 0.000000 1.000000
0.983786 -0.014163 -0.178784 0.000000 -0.003708 0.995057 -0.099231 9.933500 0.179306 0.098285 0.978872 -1.156000 0.000000 0.000000 0.000000 1.000000
0.981310 -0.074393 -0.177472 -0.000000 0.065503 0.996311 -0.055447 9.933500 0.180942 0.042785 0.982563 -1.156000 0.000000 0.000000 0.000000 1.000000
0.975520 -0.106184 -0.192577 -0.000000 0.101904 0.994279 -0.032020 9.933500 0.194876 0.011612 0.980759 -1.156000 0.000000 0.000000 0.000000 1.000000
0.975058 -0.070056 -0.210606 0.000000 0.063486 0.997266 -0.037806 9.933500 0.212679 0.023493 0.976840 -1.156000 0.000000 0.000000 0.000000 1.000000
0.977413 0.017119 -0.210643 0.000000 -0.031404 0.997413 -0.064659 9.933500 0.208992 0.069813 0.975422 -1.156000 0.000000 0.000000 0.000000 1.000000
0.978566 0.086783 -0.186757 0.000000 -0.107767 0.988584 -0.105297 9.933500 0.175487 0.123166 0.976747 -1.156000 0.000000 0.000000 0.000000 1.000000
0.984066 0.086141 -0.155541 0.000000 -0.109742 0.982553 -0.150154 9.933500 0.139893 0.164831 0.976351 -1.156000 0.000000 0.000000 0.000000 1.000000
0.990542 0.024106 -0.135079 -0.000000 -0.049511 0.980917 -0.188015 9.933500 0.127969 0.192924 0.972833 -1.156000 0.000000 0.000000 0.000000 1.000000
0.990492 -0.048671 -0.128674 -0.000000 0.019463 0.975493 -0.219167 9.933500 0.136188 0.214578 0.967165 -1.156000 0.000000 0.000000 0.000000 1.000000
0.987702 -0.089076 -0.128492 -0.000000 0.055027 0.967302 -0.247588 9.933500 0.146345 0.237472 0.960307 -1.156000 0.000000 0.000000 0.000000 1.000000
0.988185 -0.082369 -0.129254 0.000000 0.044966 0.962012 -0.269278 9.933500 0.146524 0.260284 0.954350 -1.156000 0.000000 0.000000 0.000000 1.000000
0.990079 -0.032847 -0.136621 -0.000000 -0.005904 0.961711 -0.274003 9.933500 0.140390 0.272091 0.951975 -1.156000 0.000000 0.000000 0.000000 1.000000
0.986528 0.043820 -0.157612 0.000000 -0.083614 0.963167 -0.255573 9.933500 0.140607 0.265308 0.953856 -1.156000 0.000000 0.000000 0.000000 1.000000
0.975513 0.121993 -0.183008 -0.000000 -0.160721 0.963410 -0.214500 9.933500 0.150144 0.238661 0.959426 -1.156000 0.000000 0.000000 0.000000 1.000000
0.965672 0.178727 -0.188504 -0.000000 -0.210412 0.963732 -0.164158 9.933500 0.152328 0.198186 0.968255 -1.156000 0.000000 0.000000 0.000000 1.000000
0.970794 0.189189 -0.147537 0.000000 -0.209218 0.968552 -0.134668 9.933500 0.117420 0.161602 0.979846 -1.156000 0.000000 0.000000 0.000000 1.000000
0.979896 0.176758 -0.092522 0.000000 -0.186898 0.975541 -0.115706 9.933500 0.069807 0.130672 0.988965 -1.156000 0.000000 0.000000 0.000000 1.000000
0.993867 0.110069 -0.010653 0.000000 -0.110525 0.985613 -0.127875 9.933500 -0.003575 0.128268 0.991733 -1.156000 0.000000 0.000000 0.000000 1.000000
0.997657 0.008131 0.067924 0.000000 0.002002 0.989016 -0.147792 9.933500 -0.068380 0.147581 0.986683 -1.156000 0.000000 0.000000 0.000000 1.000000
0.986575 -0.099108 0.129794 0.000000 0.119105 0.980441 -0.156684 9.933500 -0.111727 0.170039 0.979083 -1.156000 0.000000 0.000000 0.000000 1.000000
0.971433 -0.164559 0.170990 0.000000 0.189977 0.971056 -0.144771 9.933500 -0.142217 0.173120 0.974579 -1.156000 0.000000 0.000000 0.000000 1.000000
0.970132 -0.150907 0.189925 0.000000 0.174829 0.977722 -0.116163 9.933500 -0.168164 0.145897 0.974902 -1.156000 0.000000 0.000000 0.000000 1.000000
0.982891 -0.058894 0.174517 -0.000000 0.074398 0.993713 -0.083668 9.933500 -0.168492 0.095220 0.981093 -1.156000 0.000000 0.000000 0.000000 1.000000
0.992030 0.065134 0.107860 -0.000000 -0.059837 0.996871 -0.051642 9.933500 -0.110886 0.044776 0.992824 -1.156000 0.000000 0.000000 0.000000 1.000000
0.987562 0.157006 -0.008380 0.000000 -0.157146 0.987371 -0.020081 9.933500 0.005121 0.021148 0.999763 -1.156000 0.000000 0.000000 0.000000 1.000000
0.972804 0.180028 -0.145748 -0.000000 -0.182833 0.983126 -0.005972 9.933500 0.142214 0.032457 0.989304 -1.156000 0.000000 0.000000 0.000000 1.000000
0.955470 0.142929 -0.258164 0.000000 -0.155087 0.987525 -0.027250 9.933500 0.251048 0.066075 0.965717 -1.156000 0.000000 0.000000 0.000000 1.000000
0.948519 0.085484 -0.304966 0.000000 -0.111701 0.991305 -0.069548 9.933500 0.296370 0.100032 0.949820 -1.156000 0.000000 0.000000 0.000000 1.000000
0.964120 0.051589 -0.260405 0.000000 -0.082290 0.990695 -0.108401 9.933500 0.252390 0.125941 0.959395 -1.156000 0.000000 0.000000 0.000000 1.000000
0.980039 0.025120 -0.197210 0.000000 -0.054021 0.988310 -0.142567 9.933500 0.191323 0.150375 0.969940 -1.156000 0.000000 0.000000 0.000000 1.000000</float_array>
        <technique_common>
          <accessor source="#mixamorig_Spine-Matrix-animation-output-transform-array" count="31" stride="16">
            <param type="float4x4"/>
          </accessor>
        </technique_common>
      </source>
      <source id="mixamorig_Spine-Interpolations">
        <Name_array id="mixamorig_Spine-Interpolations-array" count="31">
 LINEAR LINEAR LINEAR LINEAR LINEAR LINEAR LINEAR LINEAR LINEAR LINEAR LINEAR
LINEAR LINEAR LINEAR LINEAR LINEAR LINEAR LINEAR LINEAR LINEAR LINEAR LINEAR LINEAR
LINEAR LINEAR LINEAR LINEAR LINEAR LINEAR LINEAR LINEAR</Name_array>
        <technique_common>
          <accessor source="#mixamorig_Spine-Interpolations-array" count="31">
            <param type="name"/>
          </accessor>
        </technique_common>
      </source>
      <sampler id="mixamorig_Spine-Matrix-animation-transform">
        <input semantic="INPUT" source="#mixamorig_Spine-Matrix-animation-input"/>
        <input semantic="OUTPUT" source="#mixamorig_Spine-Matrix-animation-output-transform"/>
        <input semantic="INTERPOLATION" source="#mixamorig_Spine-Interpolations"/>
      </sampler>
      <channel source="#mixamorig_Spine-Matrix-animation-transform" target="mixamorig_Spine/matrix"/>
    </animation>
    <animation id="mixamorig_Spine1-anim" name="mixamorig_Spine1">
      <source id="mixamorig_Spine1-Matrix-animation-input">
        <float_array id="mixamorig_Spine1-Matrix-animation-input-array" count="31">

0.000000 0.033333 0.066667 0.100000 0.133333 0.166667 0.200000 0.233333 0.266667 0.300000 0.333333 0.366667 0.400000 0.433333 0.466667 0.500000
0.533333 0.566667 0.600000 0.633333 0.666667 0.700000 0.733333 0.766667 0.800000 0.833333 0.866667 0.900000 0.933333 0.966667 1.000000</float_array>
        <technique_common>
          <accessor source="#mixamorig_Spine1-Matrix-animation-input-array" count="31">
            <param name="TIME" type="float"/>
          </accessor>
        </technique_common>
      </source>
      <source id="mixamorig_Spine1-Matrix-animation-output-transform">
        <float_array id="mixamorig_Spine1-Matrix-animation-output-transform-array" count="496">

0.998511 0.018581 -0.051290 0.000000 -0.019602 0.999618 -0.019470 11.667300 0.050908 0.020446 0.998494 -0.000000 0.000000 0.000000 0.000000 1.000000
0.999386 -0.016159 -0.031093 -0.000000 0.015964 0.999851 -0.006510 11.667300 0.031193 0.006009 0.999495 -0.000000 0.000000 0.000000 0.000000 1.000000
0.996810 -0.077770 -0.017946 0.000000 0.078257 0.996534 0.028204 11.667300 0.015690 -0.029519 0.999441 0.000000 0.000000 0.000000 0.000000 1.000000
0.990382 -0.137916 -0.011102 0.000000 0.138340 0.988446 0.061943 11.667300 0.002431 -0.062883 0.998018 0.000000 0.000000 0.000000 0.000000 1.000000
0.985796 -0.167849 -0.005766 -0.000000 0.167837 0.983323 0.070043 11.667300 -0.006087 -0.070016 0.997527 -0.000000 0.000000 0.000000 0.000000 1.000000
0.986728 -0.162370 0.002027 -0.000000 0.162135 0.985837 0.042864 11.667300 -0.008958 -0.041967 0.999079 0.000000 0.000000 0.000000 0.000000 1.000000
0.990113 -0.139908 0.010078 0.000000 0.140019 0.990083 -0.011381 11.667300 -0.008385 0.012679 0.999884 0.000000 0.000000 0.000000 0.000000 1.000000
0.992939 -0.117922 0.012901 0.000000 0.118568 0.989947 -0.077115 11.667300 -0.003678 0.078100 0.996939 0.000000 0.000000 0.000000 0.000000 1.000000
0.995114 -0.098354 0.008683 0.000000 0.098588 0.984943 -0.142017 11.667300 0.005416 0.142179 0.989826 0.000000 0.000000 0.000000 0.000000 1.000000
0.997046 -0.076803 0.001220 0.000000 0.075499 0.976947 -0.199684 11.667300 0.014144 0.199187 0.979860 0.000000 0.000000 0.000000 0.000000 1.000000
0.998493 -0.054733 -0.003892 0.000000 0.052100 0.967941 -0.245713 11.667300 0.017215 0.245140 0.969335 0.000000 0.000000 0.000000 0.000000 1.000000
0.999310 -0.037004 -0.003314 0.000000 0.034683 0.961151 -0.273837 11.667300 0.013319 0.273533 0.961770 -0.000000 0.000000 0.000000 0.000000 1.000000
0.999720 -0.023534 0.002569 0.000000 0.023328 0.960761 -0.276396 11.667300 0.004036 0.276379 0.961040 0.000000 0.000000 0.000000 0.000000 1.000000
0.999883 -0.011477 0.010108 0.000000 0.013687 0.966428 -0.256575 11.667300 -0.006824 0.256683 0.966472 0.000000 0.000000 0.000000 0.000000 1.000000
0.999898 0.000844 0.014292 0.000000 0.002336 0.975267 -0.221018 11.667300 -0.014125 0.221029 0.975165 0.000000 0.000000 0.000000 0.000000 1.000000
0.999854 0.011452 0.012718 0.000000 -0.009000 0.983903 -0.178476 11.667300 -0.014557 0.178335 0.983862 0.000000 0.000000 0.000000 0.000000 1.000000
0.999845 0.015477 0.008355 0.000000 -0.014053 0.988644 -0.149621 11.667300 -0.010575 0.149480 0.988708 0.000000 0.000000 0.000000 0.000000 1.000000
0.999840 0.017409 0.004130 0.000000 -0.016732 0.991525 -0.128836 11.667300 -0.006338 0.128746 0.991657 0.000000 0.000000 0.000000 0.000000 1.000000
0.999891 0.014404 0.003319 0.000000 -0.013824 0.990737 -0.135089 11.667300 -0.005234 0.135029 0.990828 0.000000 0.000000 0.000000 0.000000 1.000000
0.999942 0.010205 0.003472 -0.000000 -0.009578 0.988904 -0.148248 11.667300 -0.004946 0.148206 0.988944 0.000000 0.000000 0.000000 0.000000 1.000000
0.999976 0.006284 0.002996 0.000000 -0.005771 0.988959 -0.148076 11.667300 -0.003893 0.148055 0.988971 0.000000 0.000000 0.000000 0.000000 1.000000
0.999990 0.003326 0.003072 0.000000 -0.002918 0.992245 -0.124263 11.667300 -0.003462 0.124252 0.992245 0.000000 0.000000 0.000000 0.000000 1.000000
0.999984 0.002487 0.005026 0.000000 -0.002084 0.996893 -0.078739 11.667300 -0.005206 0.078728 0.996883 -0.000000 0.000000 0.000000 0.000000 1.000000
0.999967 0.005092 0.006277 0.000000 -0.004952 0.999743 -0.022133 11.667300 -0.006388 0.022101 0.999735 0.000000 0.000000 0.000000 0.000000 1.000000
0.999933 0.011458 0.001910 -0.000000 -0.011516 0.999378 0.033344 11.667300 -0.001527 -0.033364 0.999442 0.000000 0.000000 0.000000 0.000000 1.000000
0.999763 0.019457 -0.009725 0.000000 -0.018650 0.996848 0.077113 11.667300 0.011195 -0.076914 0.996975 -0.000000 0.000000 0.000000 0.000000 1.000000
0.999377 0.024894 -0.025004 -0.000000 -0.022311 0.994863 0.098739 11.667300 0.027333 -0.098119 0.994799 0.000000 0.000000 0.000000 0.000000 1.000000
0.998953 0.024578 -0.038575 0.000000 -0.021031 0.995738 0.089798 11.667300 0.040617 -0.088893 0.995213 0.000000 0.000000 0.000000 0.000000 1.000000
0.998661 0.021449 -0.047077 0.000000 -0.018641 0.998066 0.059299 11.667300 0.048258 -0.058342 0.997130 0.000000 0.000000 0.000000 0.000000 1.000000
0.998565 0.019890 -0.049718 -0.000000 -0.018882 0.999608 0.020661 11.667300 0.050109 -0.019693 0.998550 0.000000 0.000000 0.000000 0.000000 1.000000
0.998511 0.018581 -0.051290 0.000000 -0.019602 0.999618 -0.019470 11.667300 0.050908 0.020446 0.998494 0.000000 0.000000 0.000000 0.000000 1.000000</float_array>
        <technique_common>
          <accessor source="#mixamorig_Spine1-Matrix-animation-output-transform-array" count="31" stride="16">
            <param type="float4x4"/>
          </accessor>
        </technique_common>
      </source>
      <source id="mixamorig_Spine1-Interpolations">
        <Name_array id="mixamorig_Spine1-Interpolations-array" count="31">
 LINEAR LINEAR LINEAR LINEAR LINEAR LINEAR LINEAR LINEAR LINEAR LINEAR LINEAR
LINEAR LINEAR LINEAR LINEAR LINEAR LINEAR LINEAR LINEAR LINEAR LINEAR LINEAR LINEAR
LINEAR LINEAR LINEAR LINEAR LINEAR LINEAR LINEAR LINEAR</Name_array>
        <technique_common>
          <accessor source="#mixamorig_Spine1-Interpolations-array" count="31">
            <param type="name"/>
          </accessor>
        </technique_common>
      </source>
      <sampler id="mixamorig_Spine1-Matrix-animation-transform">
        <input semantic="INPUT" source="#mixamorig_Spine1-Matrix-animation-input"/>
        <input semantic="OUTPUT" source="#mixamorig_Spine1-Matrix-animation-output-transform"/>
        <input semantic="INTERPOLATION" source="#mixamorig_Spine1-Interpolations"/>
      </sampler>
      <channel source="#mixamorig_Spine1-Matrix-animation-transform" target="mixamorig_Spine1/matrix"/>
    </animation>
    <animation id="mixamorig_Spine2-anim" name="mixamorig_Spine2">
      <source id="mixamorig_Spine2-Matrix-animation-input">
        <float_array id="mixamorig_Spine2-Matrix-animation-input-array" count="31">

0.000000 0.033333 0.066667 0.100000 0.133333 0.166667 0.200000 0.233333 0.266667 0.300000 0.333333 0.366667 0.400000 0.433333 0.466667 0.500000
0.533333 0.566667 0.600000 0.633333 0.666667 0.700000 0.733333 0.766667 0.800000 0.833333 0.866667 0.900000 0.933333 0.966667 1.000000</float_array>
        <technique_common>
          <accessor source="#mixamorig_Spine2-Matrix-animation-input-array" count="31">
            <param name="TIME" type="float"/>
          </accessor>
        </technique_common>
      </source>
      <source id="mixamorig_Spine2-Matrix-animation-output-transform">
        <float_array id="mixamorig_Spine2-Matrix-animation-output-transform-array" count="496">

0.998552 0.018146 -0.050638 -0.000000 -0.019185 0.999614 -0.020096 13.334100 0.050254 0.021039 0.998515 0.000000 0.000000 0.000000 0.000000 1.000000
0.999421 -0.015957 -0.030060 0.000000 0.015142 0.999517 -0.027154 13.334100 0.030478 0.026683 0.999179 0.000000 0.000000 0.000000 0.000000 1.000000
0.996830 -0.078151 -0.014907 0.000000 0.077844 0.996762 -0.020147 13.334100 0.016433 0.018923 0.999686 0.000000 0.000000 0.000000 0.000000 1.000000
0.990242 -0.139246 -0.005664 -0.000000 0.139141 0.990143 -0.016026 13.334100 0.007840 0.015081 0.999856 0.000000 0.000000 0.000000 0.000000 1.000000
0.985565 -0.169297 0.000916 -0.000000 0.169236 0.985033 -0.032711 13.334100 0.004636 0.032394 0.999464 0.000000 0.000000 0.000000 0.000000 1.000000
0.986688 -0.162412 0.008327 0.000000 0.162567 0.983663 -0.077322 13.334100 0.004367 0.077646 0.996971 0.000000 0.000000 0.000000 0.000000 1.000000
0.990384 -0.137484 0.015428 -0.000000 0.138270 0.979922 -0.143645 13.334100 0.004630 0.144397 0.989509 -0.000000 0.000000 0.000000 0.000000 1.000000
0.993393 -0.113367 0.017824 0.000000 0.114516 0.969161 -0.218204 13.334100 0.007463 0.218803 0.975740 0.000000 0.000000 0.000000 0.000000 1.000000
0.995548 -0.093246 0.013793 0.000000 0.093242 0.952727 -0.289166 13.334100 0.013823 0.289165 0.957180 0.000000 0.000000 0.000000 0.000000 1.000000
0.997328 -0.072741 0.006704 0.000000 0.070469 0.933859 -0.350630 13.334100 0.019245 0.350166 0.936490 0.000000 0.000000 0.000000 0.000000 1.000000
0.998646 -0.051996 0.001806 0.000000 0.048390 0.915513 -0.399368 13.334100 0.019112 0.398914 0.916789 -0.000000 0.000000 0.000000 0.000000 1.000000
0.999409 -0.034314 0.001997 0.000000 0.031847 0.902560 -0.429384 13.334100 0.012932 0.429194 0.903120 0.000000 0.000000 0.000000 0.000000 1.000000
0.999795 -0.019262 0.006252 0.000000 0.020075 0.902064 -0.431134 13.334100 0.002665 0.431171 0.902266 -0.000000 0.000000 0.000000 0.000000 1.000000
0.999922 -0.005644 0.011178 -0.000000 0.009690 0.914144 -0.405274 13.334100 -0.007931 0.405350 0.914127 0.000000 0.000000 0.000000 0.000000 1.000000
0.999899 0.006290 0.012764 -0.000000 -0.001332 0.934434 -0.356134 13.334100 -0.014167 0.356081 0.934348 0.000000 0.000000 0.000000 0.000000 1.000000
0.999851 0.014129 0.009868 0.000000 -0.010629 0.956289 -0.292231 13.334100 -0.013566 0.292083 0.956297 0.000000 0.000000 0.000000 0.000000 1.000000
0.999875 0.014318 0.006702 -0.000000 -0.012318 0.971322 -0.237447 13.334100 -0.009910 0.237335 0.971377 0.000000 0.000000 0.000000 0.000000 1.000000
0.999912 0.012616 0.004087 0.000000 -0.011595 0.981282 -0.192227 13.334100 -0.006436 0.192163 0.981342 0.000000 0.000000 0.000000 0.000000 1.000000
0.999955 0.007614 0.005599 0.000000 -0.006427 0.982182 -0.187821 13.334100 -0.006929 0.187777 0.982187 -0.000000 0.000000 0.000000 0.000000 1.000000
0.999970 0.002825 0.007267 0.000000 -0.001263 0.978452 -0.206470 13.334100 -0.007693 0.206455 0.978426 0.000000 0.000000 0.000000 0.000000 1.000000
0.999974 -0.000901 0.007134 -0.000000 0.002474 0.974667 -0.223647 13.334100 -0.006751 0.223658 0.974644 0.000000 0.000000 0.000000 0.000000 1.000000
0.999971 -0.003382 0.006774 0.000000 0.004808 0.974807 -0.222998 13.334100 -0.005849 0.223024 0.974795 -0.000000 0.000000 0.000000 0.000000 1.000000
0.999962 -0.003504 0.007970 -0.000000 0.005031 0.979697 -0.200419 13.334100 -0.007106 0.200451 0.979678 0.000000 0.000000 0.000000 0.000000 1.000000
0.999967 -0.000273 0.008100 0.000000 0.001585 0.986720 -0.162422 13.334100 -0.007948 0.162429 0.986688 -0.000000 0.000000 0.000000 0.000000 1.000000
0.999981 0.005814 0.001873 0.000000 -0.005549 0.992857 -0.119179 13.334100 -0.002552 0.119166 0.992871 -0.000000 0.000000 0.000000 0.000000 1.000000
0.999849 0.012383 -0.012157 0.000000 -0.013316 0.996714 -0.079897 13.334100 0.011128 0.080047 0.996729 0.000000 0.000000 0.000000 0.000000 1.000000
0.999444 0.016240 -0.029123 0.000000 -0.017781 0.998412 -0.053456 13.334100 0.028209 0.053944 0.998145 0.000000 0.000000 0.000000 0.000000 1.000000
0.998980 0.015947 -0.042245 0.000000 -0.017495 0.999180 -0.036516 13.334100 0.041628 0.037218 0.998440 0.000000 0.000000 0.000000 0.000000 1.000000
0.998676 0.015597 -0.049024 0.000000 -0.016378 0.999745 -0.015565 13.334100 0.048769 0.016347 0.998676 0.000000 0.000000 0.000000 0.000000 1.000000
0.998592 0.016751 -0.050325 0.000000 -0.017571 0.999719 -0.015897 13.334100 0.050044 0.016759 0.998606 0.000000 0.000000 0.000000 0.000000 1.000000
0.998552 0.018146 -0.050638 0.000000 -0.019185 0.999614 -0.020096 13.334100 0.050254 0.021039 0.998515 -0.000000 0.000000 0.000000 0.000000 1.000000</float_array>
        <technique_common>
          <accessor source="#mixamorig_Spine2-Matrix-animation-output-transform-array" count="31" stride="16">
            <param type="float4x4"/>
          </accessor>
        </technique_common>
      </source>
      <source id="mixamorig_Spine2-Interpolations">
        <Name_array id="mixamorig_Spine2-Interpolations-array" count="31">
 LINEAR LINEAR LINEAR LINEAR LINEAR LINEAR LINEAR LINEAR LINEAR LINEAR LINEAR
LINEAR LINEAR LINEAR LINEAR LINEAR LINEAR LINEAR LINEAR LINEAR LINEAR LINEAR LINEAR
LINEAR LINEAR LINEAR LINEAR LINEAR LINEAR LINEAR LINEAR</Name_array>
        <technique_common>
          <accessor source="#mixamorig_Spine2-Interpolations-array" count="31">
            <param type="name"/>
          </accessor>
        </technique_common>
      </source>
      <sampler id="mixamorig_Spine2-Matrix-animation-transform">
        <input semantic="INPUT" source="#mixamorig_Spine2-Matrix-animation-input"/>
        <input semantic="OUTPUT" source="#mixamorig_Spine2-Matrix-animation-output-transform"/>
        <input semantic="INTERPOLATION" source="#mixamorig_Spine2-Interpolations"/>
      </sampler>
      <channel source="#mixamorig_Spine2-Matrix-animation-transform" target="mixamorig_Spine2/matrix"/>
    </animation>
    <animation id="mixamorig_Neck-anim" name="mixamorig_Neck">
      <source id="mixamorig_Neck-Matrix-animation-input">
        <float_array id="mixamorig_Neck-Matrix-animation-input-array" count="31">

0.000000 0.033333 0.066667 0.100000 0.133333 0.166667 0.200000 0.233333 0.266667 0.300000 0.333333 0.366667 0.400000 0.433333 0.466667 0.500000
0.533333 0.566667 0.600000 0.633333 0.666667 0.700000 0.733333 0.766667 0.800000 0.833333 0.866667 0.900000 0.933333 0.966667 1.000000</float_array>
        <technique_common>
          <accessor source="#mixamorig_Neck-Matrix-animation-input-array" count="31">
            <param name="TIME" type="float"/>
          </accessor>
        </technique_common>
      </source>
      <source id="mixamorig_Neck-Matrix-animation-output-transform">
        <float_array id="mixamorig_Neck-Matrix-animation-output-transform-array" count="496">

0.999269 0.023759 0.029938 0.000000 -0.024164 0.999620 0.013255 15.000900 -0.029612 -0.013968 0.999464 0.000000 0.000000 0.000000 0.000000 1.000000
0.999148 0.027136 0.031111 0.000000 -0.028042 0.999184 0.029082 15.000900 -0.030296 -0.029930 0.999093 0.000000 0.000000 0.000000 0.000000 1.000000
0.997666 0.061026 0.030636 0.000000 -0.061637 0.997910 0.019408 15.000900 -0.029388 -0.021251 0.999342 0.000000 0.000000 0.000000 0.000000 1.000000
0.993967 0.106475 0.026332 0.000000 -0.106124 0.994249 -0.014397 15.000900 -0.027714 0.011516 0.999550 0.000000 0.000000 0.000000 0.000000 1.000000
0.990502 0.136466 0.016826 0.000000 -0.135307 0.989147 -0.057270 15.000900 -0.024459 0.054450 0.998217 0.000000 0.000000 0.000000 0.000000 1.000000
0.990624 0.136553 0.004152 0.000000 -0.135631 0.986671 -0.089917 15.000900 -0.016375 0.088511 0.995941 0.000000 0.000000 0.000000 0.000000 1.000000
0.993204 0.116237 -0.005878 -0.000000 -0.116206 0.987593 -0.105625 15.000900 -0.006473 0.105590 0.994389 -0.000000 0.000000 0.000000 0.000000 1.000000
0.995412 0.095377 -0.007628 0.000000 -0.095631 0.989112 -0.111854 15.000900 -0.003124 0.112070 0.993695 0.000000 0.000000 0.000000 0.000000 1.000000
0.996419 0.084553 -0.000902 0.000000 -0.084065 0.989408 -0.118339 15.000900 -0.009113 0.117991 0.992973 -0.000000 0.000000 0.000000 0.000000 1.000000
0.996744 0.080179 0.008575 0.000000 -0.078445 0.988781 -0.127119 15.000900 -0.018671 0.126032 0.991850 0.000000 0.000000 0.000000 0.000000 1.000000
0.997130 0.074362 0.014208 0.000000 -0.071798 0.988367 -0.134075 15.000900 -0.024013 0.132670 0.990869 0.000000 0.000000 0.000000 0.000000 1.000000
0.997808 0.064737 0.013742 0.000000 -0.062255 0.988618 -0.136960 15.000900 -0.022452 0.135804 0.990481 -0.000000 0.000000 0.000000 0.000000 1.000000
0.998433 0.055097 0.009813 0.000000 -0.053197 0.988812 -0.139357 15.000900 -0.017382 0.138617 0.990194 -0.000000 0.000000 0.000000 0.000000 1.000000
0.998770 0.049129 0.006638 0.000000 -0.047555 0.987284 -0.151685 15.000900 -0.014006 0.151183 0.988407 0.000000 0.000000 0.000000 0.000000 1.000000
0.998895 0.046670 0.005501 -0.000000 -0.044890 0.982249 -0.182130 15.000900 -0.013903 0.181682 0.983259 0.000000 0.000000 0.000000 0.000000 1.000000
0.999006 0.044389 0.004017 0.000000 -0.042255 0.971911 -0.231522 15.000900 -0.014181 0.231123 0.972821 0.000000 0.000000 0.000000 0.000000 1.000000
0.999187 0.040260 -0.002109 0.000000 -0.039129 0.955859 -0.291207 15.000900 -0.009708 0.291053 0.956658 -0.000000 0.000000 0.000000 0.000000 1.000000
0.999269 0.037124 -0.009083 0.000000 -0.037968 0.937091 -0.347013 15.000900 -0.004371 0.347105 0.937816 0.000000 0.000000 0.000000 0.000000 1.000000
0.998889 0.043437 -0.018298 0.000000 -0.047131 0.924891 -0.377301 15.000900 0.000534 0.377744 0.925910 0.000000 0.000000 0.000000 0.000000 1.000000
0.997707 0.063128 -0.024425 0.000000 -0.067683 0.925790 -0.371931 15.000900 -0.000867 0.372731 0.927939 0.000000 0.000000 0.000000 0.000000 1.000000
0.995647 0.089649 -0.025502 -0.000000 -0.093020 0.938498 -0.332519 15.000900 -0.005876 0.333444 0.942752 0.000000 0.000000 0.000000 0.000000 1.000000
0.993822 0.108516 -0.023263 0.000000 -0.110766 0.956804 -0.268807 15.000900 -0.006912 0.269724 0.962913 0.000000 0.000000 0.000000 0.000000 1.000000
0.993779 0.109257 -0.021598 0.000000 -0.111369 0.976127 -0.186478 15.000900 0.000708 0.187723 0.982222 0.000000 0.000000 0.000000 0.000000 1.000000
0.995328 0.093910 -0.022417 0.000000 -0.095491 0.991793 -0.085014 15.000900 0.014249 0.086758 0.996128 -0.000000 0.000000 0.000000 0.000000 1.000000
0.996968 0.074119 -0.023670 -0.000000 -0.073410 0.996864 0.029552 15.000900 0.025786 -0.027725 0.999283 0.000000 0.000000 0.000000 0.000000 1.000000
0.997928 0.060572 -0.021717 -0.000000 -0.057190 0.989581 0.132135 15.000900 0.029494 -0.130619 0.990994 -0.000000 0.000000 0.000000 0.000000 1.000000
0.998350 0.055445 -0.014913 0.000000 -0.051671 0.980871 0.187677 15.000900 0.025033 -0.186597 0.982118 0.000000 0.000000 0.000000 0.000000 1.000000
0.998556 0.053542 -0.004409 0.000000 -0.051903 0.982644 0.178092 15.000900 0.013868 -0.177606 0.984004 0.000000 0.000000 0.000000 0.000000 1.000000
0.998767 0.049098 0.007308 -0.000000 -0.049623 0.991265 0.122195 15.000900 -0.001245 -0.122407 0.992479 -0.000000 0.000000 0.000000 0.000000 1.000000
0.999166 0.036629 0.018035 0.000000 -0.037768 0.997002 0.067537 15.000900 -0.015507 -0.068161 0.997554 -0.000000 0.000000 0.000000 0.000000 1.000000
0.999269 0.023759 0.029938 0.000000 -0.024164 0.999620 0.013255 15.000900 -0.029612 -0.013968 0.999464 0.000000 0.000000 0.000000 0.000000 1.000000</float_array>
        <technique_common>
          <accessor source="#mixamorig_Neck-Matrix-animation-output-transform-array" count="31" stride="16">
            <param type="float4x4"/>
          </accessor>
        </technique_common>
      </source>
      <source id="mixamorig_Neck-Interpolations">
        <Name_array id="mixamorig_Neck-Interpolations-array" count="31">
 LINEAR LINEAR LINEAR LINEAR LINEAR LINEAR LINEAR LINEAR LINEAR LINEAR LINEAR
LINEAR LINEAR LINEAR LINEAR LINEAR LINEAR LINEAR LINEAR LINEAR LINEAR LINEAR LINEAR
LINEAR LINEAR LINEAR LINEAR LINEAR LINEAR LINEAR LINEAR</Name_array>
        <technique_common>
          <accessor source="#mixamorig_Neck-Interpolations-array" count="31">
            <param type="name"/>
          </accessor>
        </technique_common>
      </source>
      <sampler id="mixamorig_Neck-Matrix-animation-transform">
        <input semantic="INPUT" source="#mixamorig_Neck-Matrix-animation-input"/>
        <input semantic="OUTPUT" source="#mixamorig_Neck-Matrix-animation-output-transform"/>
        <input semantic="INTERPOLATION" source="#mixamorig_Neck-Interpolations"/>
      </sampler>
      <channel source="#mixamorig_Neck-Matrix-animation-transform" target="mixamorig_Neck/matrix"/>
    </animation>
    <animation id="mixamorig_Head-anim" name="mixamorig_Head">
      <source id="mixamorig_Head-Matrix-animation-input">
        <float_array id="mixamorig_Head-Matrix-animation-input-array" count="31">

0.000000 0.033333 0.066667 0.100000 0.133333 0.166667 0.200000 0.233333 0.266667 0.300000 0.333333 0.366667 0.400000 0.433333 0.466667 0.500000
0.533333 0.566667 0.600000 0.633333 0.666667 0.700000 0.733333 0.766667 0.800000 0.833333 0.866667 0.900000 0.933333 0.966667 1.000000</float_array>
        <technique_common>
          <accessor source="#mixamorig_Head-Matrix-animation-input-array" count="31">
            <param name="TIME" type="float"/>
          </accessor>
        </technique_common>
      </source>
      <source id="mixamorig_Head-Matrix-animation-output-transform">
        <float_array id="mixamorig_Head-Matrix-animation-output-transform-array" count="496">

0.994802 -0.066506 -0.077111 -0.000000 0.092577 0.906072 0.412871 6.498500 0.042410 -0.417863 0.907520 1.097900 0.000000 0.000000 0.000000 1.000000
0.997932 -0.062916 0.013144 0.000000 0.057469 0.964991 0.255910 6.498500 -0.028785 -0.254625 0.966611 1.097900 0.000000 0.000000 0.000000 1.000000
0.996109 -0.003321 0.088069 0.000000 0.001470 0.999777 0.021074 6.498500 -0.088119 -0.020863 0.995891 1.097900 0.000000 0.000000 0.000000 1.000000
0.988681 0.084438 0.124016 0.000000 -0.055123 0.973217 -0.223181 6.498500 -0.139540 0.213819 0.966856 1.097900 0.000000 0.000000 0.000000 1.000000
0.980533 0.156913 0.118036 0.000000 -0.100728 0.917992 -0.383594 6.498500 -0.168547 0.364237 0.915928 1.097900 0.000000 0.000000 0.000000 1.000000
0.977504 0.189563 0.092479 0.000000 -0.133161 0.894681 -0.426396 6.498500 -0.163568 0.404489 0.899797 1.097900 0.000000 0.000000 0.000000 1.000000
0.978524 0.193001 0.072395 0.000000 -0.151828 0.912374 -0.380161 6.498500 -0.139423 0.361006 0.922083 1.097900 0.000000 0.000000 0.000000 1.000000
0.979147 0.190798 0.069763 0.000000 -0.163369 0.943637 -0.287853 6.498500 -0.120753 0.270453 0.955130 1.097900 0.000000 0.000000 0.000000 1.000000
0.977751 0.193500 0.081001 0.000000 -0.176957 0.968197 -0.176864 6.498500 -0.112648 0.158595 0.980897 1.097900 0.000000 0.000000 0.000000 1.000000
0.976333 0.195427 0.092640 0.000000 -0.190616 0.979932 -0.058291 6.498500 -0.102173 0.039253 0.993992 1.097900 0.000000 0.000000 0.000000 1.000000
0.977646 0.189107 0.091909 -0.000000 -0.194686 0.979265 0.056010 6.498500 -0.079412 -0.072651 0.994191 1.097900 0.000000 0.000000 0.000000 1.000000
0.981746 0.174662 0.075286 0.000000 -0.184212 0.971707 0.147822 6.498500 -0.047337 -0.158992 0.986144 1.097900 0.000000 0.000000 0.000000 1.000000
0.986552 0.156120 0.048394 0.000000 -0.162801 0.964916 0.205995 6.498500 -0.014536 -0.211103 0.977356 1.097900 0.000000 0.000000 0.000000 1.000000
0.990705 0.134801 0.018232 -0.000000 -0.135391 0.964203 0.227994 6.498500 0.013154 -0.228344 0.973492 1.097900 0.000000 0.000000 0.000000 1.000000
0.993859 0.109368 -0.016797 0.000000 -0.102920 0.969455 0.222630 6.498500 0.040632 -0.219534 0.974758 1.097900 0.000000 0.000000 0.000000 1.000000
0.994555 0.080682 -0.065956 0.000000 -0.065998 0.977465 0.200515 6.498500 0.080647 -0.195071 0.977468 1.097900 0.000000 0.000000 0.000000 1.000000
0.988301 0.061207 -0.139699 0.000000 -0.036110 0.983802 0.175581 6.498500 0.148183 -0.168483 0.974503 1.097900 0.000000 0.000000 0.000000 1.000000
0.975091 0.045349 -0.217119 0.000000 -0.012175 0.988344 0.151751 6.498500 0.221470 -0.145328 0.964277 1.097900 0.000000 0.000000 0.000000 1.000000
0.954404 0.054286 -0.293540 0.000000 -0.009347 0.988279 0.152375 6.498500 0.298371 -0.142684 0.943725 1.097900 0.000000 0.000000 0.000000 1.000000
0.934981 0.067637 -0.348190 0.000000 -0.016222 0.988777 0.148513 6.498500 0.354327 -0.133208 0.925585 1.097900 0.000000 0.000000 0.000000 1.000000
0.922090 0.057575 -0.382668 -0.000000 -0.024479 0.995568 0.090805 6.498500 0.386201 -0.074363 0.919412 1.097900 0.000000 0.000000 0.000000 1.000000
0.912371 0.005092 -0.409333 -0.000000 -0.024474 0.998813 -0.042125 6.498500 0.408632 0.048452 0.911412 1.097900 0.000000 0.000000 0.000000 1.000000
0.900117 -0.080771 -0.428096 0.000000 -0.008432 0.979248 -0.202488 6.498500 0.435567 0.185872 0.880757 1.097900 0.000000 0.000000 0.000000 1.000000
0.888005 -0.165492 -0.429021 0.000000 0.024030 0.948419 -0.316108 6.498500 0.459205 0.270396 0.846178 1.097900 0.000000 0.000000 0.000000 1.000000
0.883330 -0.220726 -0.413530 0.000000 0.068485 0.933500 -0.351976 6.498500 0.463721 0.282590 0.839706 1.097900 0.000000 0.000000 0.000000 1.000000
0.887804 -0.242562 -0.391111 -0.000000 0.115108 0.939855 -0.321594 6.498500 0.445594 0.240493 0.862328 1.097900 0.000000 0.000000 0.000000 1.000000
0.900386 -0.236397 -0.365269 -0.000000 0.155309 0.958839 -0.237711 6.498500 0.406428 0.157302 0.900040 1.097900 0.000000 0.000000 0.000000 1.000000
0.922143 -0.205542 -0.327726 0.000000 0.182768 0.978139 -0.099199 6.498500 0.340951 0.031578 0.939551 1.097900 0.000000 0.000000 0.000000 1.000000
0.950629 -0.156964 -0.267705 0.000000 0.186314 0.978555 0.087848 6.498500 0.248175 -0.133388 0.959488 1.097900 0.000000 0.000000 0.000000 1.000000
0.978491 -0.099604 -0.180651 0.000000 0.145069 0.954840 0.259298 6.498500 0.146666 -0.279927 0.948752 1.097900 0.000000 0.000000 0.000000 1.000000
0.994802 -0.066506 -0.077111 0.000000 0.092577 0.906072 0.412871 6.498500 0.042410 -0.417863 0.907520 1.097900 0.000000 0.000000 0.000000 1.000000</float_array>
        <technique_common>
