<?xml version="1.0" encoding="utf-8"?>
<COLLADA xmlns="http://www.collada.org/2005/11/COLLADASchema" version="1.4.1">
  <asset>
    <contributor>
      <author>Mixamo</author>
      <authoring_tool>COLLADA Mixamo exporter</authoring_tool>
      <comments/>
    </contributor>
    <created>2024-07-27T17:21:46Z</created>
    <modified>2024-07-27T17:21:46Z</modified>
    <revision/>
    <title/>
    <unit meter="0.010000"/>
    <up_axis>Y_UP</up_axis>
  </asset>
  <library_animations>
    <animation id="mixamorig_Hips-anim" name="mixamorig_Hips">
      <source id="mixamorig_Hips-Matrix-animation-input">
        <float_array id="mixamorig_Hips-Matrix-animation-input-array" count="26">

0.000000 0.033333 0.066667 0.100000 0.133333 0.166667 0.200000 0.233333 0.266667 0.300000 0.333333 0.366667 0.400000 0.433333 0.466667 0.500000
0.533333 0.566667 0.600000 0.633333 0.666667 0.700000 0.733333 0.766667 0.800000 0.833333</float_array>
        <technique_common>
          <accessor source="#mixamorig_Hips-Matrix-animation-input-array" count="26">
            <param name="TIME" type="float"/>
          </accessor>
        </technique_common>
      </source>
      <source id="mixamorig_Hips-Matrix-animation-output-transform">
        <float_array id="mixamorig_Hips-Matrix-animation-output-transform-array" count="416">

0.998297 -0.057330 -0.010791 -0.108337 0.054629 0.983610 -0.171837 95.730911 0.020465 0.170955 0.985066 -0.040678 0.000000 0.000000 0.000000 1.000000
0.995218 -0.089711 -0.038630 0.200766 0.081323 0.980109 -0.181031 97.560501 0.054102 0.177023 0.982718 -1.497681 0.000000 0.000000 0.000000 1.000000
0.992724 -0.106743 -0.055713 0.475538 0.093805 0.975713 -0.197953 99.130203 0.075490 0.191287 0.978627 -2.719976 0.000000 0.000000 0.000000 1.000000
0.991670 -0.111787 -0.063988 0.692696 0.096052 0.972786 -0.210859 100.353249 0.085817 0.202956 0.975420 -3.426178 0.000000 0.000000 0.000000 1.000000
0.994279 -0.094654 -0.049500 0.607122 0.081850 0.972892 -0.216289 100.991348 0.068631 0.211000 0.975074 -3.098568 0.000000 0.000000 0.000000 1.000000
0.996902 -0.073732 -0.027370 0.437779 0.065937 0.973233 -0.220161 101.295723 0.042871 0.217674 0.975080 -2.550360 0.000000 0.000000 0.000000 1.000000
0.998295 -0.057311 0.011097 0.152318 0.058345 0.973523 -0.221017 100.516449 0.001863 0.221287 0.975207 -1.932970 0.000000 0.000000 0.000000 1.000000
0.997491 -0.050738 0.049378 -0.123076 0.060478 0.973244 -0.221672 99.311325 -0.036809 0.224102 0.973870 -2.212432 0.000000 0.000000 0.000000 1.000000
0.996843 -0.051767 0.060209 -0.211801 0.063748 0.973835 -0.218133 97.468170 -0.047341 0.221282 0.974060 -2.145768 0.000000 0.000000 0.000000 1.000000
0.996747 -0.061192 0.052452 -0.125527 0.071559 0.971347 -0.226637 96.041084 -0.037081 0.229653 0.972566 -2.767900 0.000000 0.000000 0.000000 1.000000
0.996669 -0.054115 0.061007 -0.155557 0.066702 0.971351 -0.228097 95.382187 -0.046915 0.231407 0.971725 -4.108463 0.000000 0.000000 0.000000 1.000000
0.995712 -0.029047 0.087831 -0.040792 0.049094 0.970618 -0.235562 95.993668 -0.078408 0.238864 0.967882 -5.125392 0.000000 0.000000 0.000000 1.000000
0.993766 0.004580 0.111394 0.171083 0.023980 0.966990 -0.253683 97.226204 -0.108879 0.254773 0.960852 -6.143744 0.000000 0.000000 0.000000 1.000000
0.990833 0.038427 0.129513 0.293165 -0.003027 0.964766 -0.263092 98.801674 -0.135060 0.260288 0.956038 -6.850593 0.000000 0.000000 0.000000 1.000000
0.988153 0.068917 0.137129 0.220341 -0.028833 0.960961 -0.275179 100.133057 -0.150740 0.267965 0.951563 -7.264177 0.000000 0.000000 0.000000 1.000000
0.987190 0.083569 0.135913 0.331607 -0.040709 0.955590 -0.291875 101.418999 -0.154269 0.282603 0.946751 -7.179786 0.000000 0.000000 0.000000 1.000000
0.989346 0.074111 0.125304 0.585196 -0.034227 0.955009 -0.294596 102.223236 -0.141500 0.287169 0.947371 -6.061812 0.000000 0.000000 0.000000 1.000000
0.992176 0.059926 0.109524 0.734382 -0.027518 0.960665 -0.276344 101.869911 -0.121776 0.271168 0.954798 -4.867403 0.000000 0.000000 0.000000 1.000000
0.993016 0.052683 0.105567 0.711087 -0.024391 0.967107 -0.253198 100.557327 -0.115434 0.248854 0.961637 -3.830737 0.000000 0.000000 0.000000 1.000000
0.993459 0.047361 0.103908 0.637915 -0.022424 0.973130 -0.229162 98.976166 -0.111970 0.225333 0.967826 -2.882561 0.000000 0.000000 0.000000 1.000000
0.993760 0.043475 0.102718 0.533250 -0.021591 0.978472 -0.205247 97.182373 -0.109430 0.201748 0.973305 -2.011675 0.000000 0.000000 0.000000 1.000000
0.994209 0.039804 0.099822 0.405657 -0.021024 0.982969 -0.182563 95.391754 -0.105388 0.179408 0.978114 -1.336324 0.000000 0.000000 0.000000 1.000000
0.995699 0.033888 0.086229 0.253802 -0.019136 0.985860 -0.166474 94.136543 -0.090651 0.164108 0.982268 -1.407460 0.000000 0.000000 0.000000 1.000000
0.998627 0.009511 0.051505 0.142680 -0.000722 0.985780 -0.168041 93.644653 -0.052371 0.167773 0.984434 -1.232341 0.000000 0.000000 0.000000 1.000000
0.999600 -0.023424 0.015868 0.021353 0.025776 0.985200 -0.169461 94.351593 -0.011664 0.169802 0.985409 -0.951802 0.000000 0.000000 0.000000 1.000000
0.998297 -0.057330 -0.010791 -0.108044 0.054629 0.983610 -0.171837 95.731171 0.020465 0.170955 0.985066 -0.040671 0.000000 0.000000 0.000000 1.000000</float_array>
        <technique_common>
          <accessor source="#mixamorig_Hips-Matrix-animation-output-transform-array" count="26" stride="16">
            <param type="float4x4"/>
          </accessor>
        </technique_common>
      </source>
      <source id="mixamorig_Hips-Interpolations">
        <Name_array id="mixamorig_Hips-Interpolations-array" count="26">
 LINEAR LINEAR LINEAR LINEAR LINEAR LINEAR LINEAR LINEAR LINEAR LINEAR LINEAR
LINEAR LINEAR LINEAR LINEAR LINEAR LINEAR LINEAR LINEAR LINEAR LINEAR LINEAR LINEAR
LINEAR LINEAR LINEAR</Name_array>
        <technique_common>
          <accessor source="#mixamorig_Hips-Interpolations-array" count="26">
            <param type="name"/>
          </accessor>
        </technique_common>
      </source>
      <sampler id="mixamorig_Hips-Matrix-animation-transform">
        <input semantic="INPUT" source="#mixamorig_Hips-Matrix-animation-input"/>
        <input semantic="OUTPUT" source="#mixamorig_Hips-Matrix-animation-output-transform"/>
        <input semantic="INTERPOLATION" source="#mixamorig_Hips-Interpolations"/>
      </sampler>
      <channel source="#mixamorig_Hips-Matrix-animation-transform" target="mixamorig_Hips/matrix"/>
    </animation>
    <animation id="mixamorig_Spine-anim" name="mixamorig_Spine">
      <source id="mixamorig_Spine-Matrix-animation-input">
        <float_array id="mixamorig_Spine-Matrix-animation-input-array" count="26">

0.000000 0.033333 0.066667 0.100000 0.133333 0.166667 0.200000 0.233333 0.266667 0.300000 0.333333 0.366667 0.400000 0.433333 0.466667 0.500000
0.533333 0.566667 0.600000 0.633333 0.666667 0.700000 0.733333 0.766667 0.800000 0.833333</float_array>
        <technique_common>
          <accessor source="#mixamorig_Spine-Matrix-animation-input-array" count="26">
            <param name="TIME" type="float"/>
          </accessor>
        </technique_common>
      </source>
      <source id="mixamorig_Spine-Matrix-animation-output-transform">
        <float_array id="mixamorig_Spine-Matrix-animation-output-transform-array" count="416">

0.998115 0.021712 0.057396 0.000000 -0.019584 0.999109 -0.037383 9.933500 -0.058157 0.036189 0.997651 -1.156000 0.000000 0.000000 0.000000 1.000000
0.995124 0.054530 0.082185 0.000000 -0.052199 0.998178 -0.030260 9.933500 -0.083686 0.025822 0.996158 -1.156000 0.000000 0.000000 0.000000 1.000000
0.992519 0.073663 0.097364 0.000000 -0.071659 0.997142 -0.023932 9.933500 -0.098848 0.016776 0.994961 -1.156000 0.000000 0.000000 0.000000 1.000000
0.991210 0.084460 0.101834 0.000000 -0.083249 0.996399 -0.016084 9.933500 -0.102826 0.007465 0.994671 -1.156000 0.000000 0.000000 0.000000 1.000000
0.992547 0.073717 0.097033 -0.000000 -0.074665 0.997190 0.006168 9.933500 -0.096305 -0.013367 0.995262 -1.156000 0.000000 0.000000 0.000000 1.000000
0.994267 0.060427 0.088211 0.000000 -0.063208 0.997577 0.029080 9.933500 -0.086240 -0.034489 0.995677 -1.156000 0.000000 0.000000 0.000000 1.000000
0.995950 0.054636 0.071407 0.000000 -0.057696 0.997471 0.041511 9.933500 -0.068958 -0.045462 0.996583 -1.156000 0.000000 0.000000 0.000000 1.000000
0.996771 0.060597 0.052691 0.000000 -0.062065 0.997715 0.026681 9.933500 -0.050954 -0.029865 0.998254 -1.156000 0.000000 0.000000 0.000000 1.000000
0.996562 0.075917 0.033192 -0.000000 -0.076324 0.997020 0.011180 9.933500 -0.032245 -0.013675 0.999386 -1.156000 0.000000 0.000000 0.000000 1.000000
0.995187 0.097276 0.011810 0.000000 -0.097353 0.995231 0.006129 9.933500 -0.011157 -0.007249 0.999911 -1.156000 0.000000 0.000000 0.000000 1.000000
0.994669 0.102417 -0.012014 0.000000 -0.102378 0.994738 0.003812 9.933500 0.012341 -0.002561 0.999921 -1.156000 0.000000 0.000000 0.000000 1.000000
0.995741 0.083758 -0.038533 0.000000 -0.083696 0.996486 0.003213 9.933500 0.038666 0.000025 0.999252 -1.156000 0.000000 0.000000 0.000000 1.000000
0.996692 0.048689 -0.065074 0.000000 -0.048666 0.998813 0.001944 9.933500 0.065091 0.001230 0.997879 -1.156000 0.000000 0.000000 0.000000 1.000000
0.996232 0.009308 -0.086226 0.000000 -0.009483 0.999954 -0.001619 9.933500 0.086207 0.002430 0.996274 -1.156000 0.000000 0.000000 0.000000 1.000000
0.993843 -0.026727 -0.107523 -0.000000 0.026471 0.999642 -0.003808 9.933500 0.107586 0.000938 0.994195 -1.156000 0.000000 0.000000 0.000000 1.000000
0.990855 -0.049054 -0.125699 -0.000000 0.049798 0.998755 0.002778 9.933500 0.125406 -0.009012 0.992065 -1.156000 0.000000 0.000000 0.000000 1.000000
0.990020 -0.057922 -0.128475 -0.000000 0.061647 0.997780 0.025207 9.933500 0.126729 -0.032875 0.991392 -1.156000 0.000000 0.000000 0.000000 1.000000
0.990908 -0.067367 -0.116462 -0.000000 0.072257 0.996651 0.038284 9.933500 0.113493 -0.046351 0.992457 -1.156000 0.000000 0.000000 0.000000 1.000000
0.991814 -0.075450 -0.103015 0.000000 0.079586 0.996154 0.036640 9.933500 0.099854 -0.044539 0.994005 -1.156000 0.000000 0.000000 0.000000 1.000000
0.992660 -0.082599 -0.088341 0.000000 0.085583 0.995863 0.030545 9.933500 0.085453 -0.037881 0.995622 -1.156000 0.000000 0.000000 0.000000 1.000000
0.993480 -0.088505 -0.071864 -0.000000 0.090304 0.995667 0.022179 9.933500 0.069590 -0.028524 0.997168 -1.156000 0.000000 0.000000 0.000000 1.000000
0.994241 -0.092860 -0.053496 0.000000 0.093488 0.995577 0.009349 9.933500 0.052392 -0.014296 0.998524 -1.156000 0.000000 0.000000 0.000000 1.000000
0.995227 -0.092832 -0.030081 0.000000 0.092312 0.995563 -0.018234 9.933500 0.031641 0.015370 0.999381 -1.156000 0.000000 0.000000 0.000000 1.000000
0.997541 -0.069950 0.004416 -0.000000 0.070054 0.997048 -0.031425 9.933500 -0.002204 0.031657 0.999496 -1.156000 0.000000 0.000000 0.000000 1.000000
0.998945 -0.027159 0.037043 0.000000 0.028445 0.998996 -0.034619 9.933500 -0.036065 0.035637 0.998714 -1.156000 0.000000 0.000000 0.000000 1.000000
0.998115 0.021712 0.057396 0.000000 -0.019584 0.999109 -0.037383 9.933500 -0.058157 0.036189 0.997651 -1.156000 0.000000 0.000000 0.000000 1.000000</float_array>
        <technique_common>
          <accessor source="#mixamorig_Spine-Matrix-animation-output-transform-array" count="26" stride="16">
            <param type="float4x4"/>
          </accessor>
        </technique_common>
      </source>
      <source id="mixamorig_Spine-Interpolations">
        <Name_array id="mixamorig_Spine-Interpolations-array" count="26">
 LINEAR LINEAR LINEAR LINEAR LINEAR LINEAR LINEAR LINEAR LINEAR LINEAR LINEAR
LINEAR LINEAR LINEAR LINEAR LINEAR LINEAR LINEAR LINEAR LINEAR LINEAR LINEAR LINEAR
LINEAR LINEAR LINEAR</Name_array>
        <technique_common>
          <accessor source="#mixamorig_Spine-Interpolations-array" count="26">
            <param type="name"/>
          </accessor>
        </technique_common>
      </source>
      <sampler id="mixamorig_Spine-Matrix-animation-transform">
        <input semantic="INPUT" source="#mixamorig_Spine-Matrix-animation-input"/>
        <input semantic="OUTPUT" source="#mixamorig_Spine-Matrix-animation-output-transform"/>
        <input semantic="INTERPOLATION" source="#mixamorig_Spine-Interpolations"/>
      </sampler>
      <channel source="#mixamorig_Spine-Matrix-animation-transform" target="mixamorig_Spine/matrix"/>
    </animation>
    <animation id="mixamorig_Spine1-anim" name="mixamorig_Spine1">
      <source id="mixamorig_Spine1-Matrix-animation-input">
        <float_array id="mixamorig_Spine1-Matrix-animation-input-array" count="26">

0.000000 0.033333 0.066667 0.100000 0.133333 0.166667 0.200000 0.233333 0.266667 0.300000 0.333333 0.366667 0.400000 0.433333 0.466667 0.500000
0.533333 0.566667 0.600000 0.633333 0.666667 0.700000 0.733333 0.766667 0.800000 0.833333</float_array>
        <technique_common>
          <accessor source="#mixamorig_Spine1-Matrix-animation-input-array" count="26">
            <param name="TIME" type="float"/>
          </accessor>
        </technique_common>
      </source>
      <source id="mixamorig_Spine1-Matrix-animation-output-transform">
        <float_array id="mixamorig_Spine1-Matrix-animation-output-transform-array" count="416">

0.999668 -0.016527 0.019755 -0.000000 0.017076 0.999463 -0.027951 11.667300 -0.019282 0.028279 0.999414 0.000000 0.000000 0.000000 0.000000 1.000000
0.999418 -0.005172 0.033732 0.000000 0.005884 0.999761 -0.021045 11.667300 -0.033615 0.021231 0.999209 0.000000 0.000000 0.000000 0.000000 1.000000
0.999086 0.001271 0.042736 -0.000000 -0.000744 0.999924 -0.012342 11.667300 -0.042749 0.012299 0.999010 0.000000 0.000000 0.000000 0.000000 1.000000
0.998870 0.008800 0.046703 0.000000 -0.008504 0.999942 -0.006539 11.667300 -0.046758 0.006134 0.998887 0.000000 0.000000 0.000000 0.000000 1.000000
0.998965 0.009180 0.044544 0.000000 -0.008528 0.999854 -0.014799 11.667300 -0.044674 0.014403 0.998898 0.000000 0.000000 0.000000 0.000000 1.000000
0.999149 0.007916 0.040479 -0.000000 -0.006874 0.999643 -0.025806 11.667300 -0.040668 0.025506 0.998847 0.000000 0.000000 0.000000 0.000000 1.000000
0.999440 0.005769 0.032968 -0.000000 -0.004564 0.999323 -0.036508 11.667300 -0.033157 0.036337 0.998789 -0.000000 0.000000 0.000000 0.000000 1.000000
0.999637 0.007085 0.025998 0.000000 -0.006207 0.999413 -0.033685 11.667300 -0.026221 0.033512 0.999094 -0.000000 0.000000 0.000000 0.000000 1.000000
0.999678 0.009306 0.023610 0.000000 -0.008650 0.999577 -0.027760 11.667300 -0.023858 0.027547 0.999336 0.000000 0.000000 0.000000 0.000000 1.000000
0.999763 0.010971 0.018813 -0.000000 -0.010443 0.999555 -0.027942 11.667300 -0.019111 0.027739 0.999433 0.000000 0.000000 0.000000 0.000000 1.000000
0.999941 0.009542 0.005267 0.000000 -0.009389 0.999555 -0.028315 11.667300 -0.005535 0.028264 0.999585 0.000000 0.000000 0.000000 0.000000 1.000000
0.999919 0.004703 -0.011788 0.000000 -0.004998 0.999671 -0.025154 11.667300 0.011666 0.025210 0.999614 0.000000 0.000000 0.000000 0.000000 1.000000
0.999664 -0.001749 -0.025881 0.000000 0.001364 0.999888 -0.014876 11.667300 0.025904 0.014835 0.999554 0.000000 0.000000 0.000000 0.000000 1.000000
0.999262 -0.008588 -0.037435 0.000000 0.008541 0.999963 -0.001395 11.667300 0.037446 0.001074 0.999298 0.000000 0.000000 0.000000 0.000000 1.000000
0.998631 -0.014513 -0.050245 0.000000 0.015186 0.999800 0.013036 11.667300 0.050046 -0.013782 0.998652 0.000000 0.000000 0.000000 0.000000 1.000000
0.997991 -0.018593 -0.060569 0.000000 0.019883 0.999587 0.020760 11.667300 0.060158 -0.021923 0.997948 0.000000 0.000000 0.000000 0.000000 1.000000
0.997901 -0.020349 -0.061479 -0.000000 0.021208 0.999686 0.013354 11.667300 0.061188 -0.014630 0.998019 0.000000 0.000000 0.000000 0.000000 1.000000
0.998161 -0.021684 -0.056611 0.000000 0.021875 0.999757 0.002762 11.667300 0.056537 -0.003995 0.998393 0.000000 0.000000 0.000000 0.000000 1.000000
0.998242 -0.024004 -0.054191 0.000000 0.023911 0.999711 -0.002370 11.667300 0.054233 0.001070 0.998528 0.000000 0.000000 0.000000 0.000000 1.000000
0.998319 -0.026738 -0.051424 -0.000000 0.026427 0.999628 -0.006719 11.667300 0.051585 0.005349 0.998654 0.000000 0.000000 0.000000 0.000000 1.000000
0.998443 -0.029901 -0.047087 0.000000 0.029361 0.999495 -0.012137 11.667300 0.047426 0.010736 0.998817 -0.000000 0.000000 0.000000 0.000000 1.000000
0.998625 -0.033370 -0.040420 0.000000 0.032676 0.999309 -0.017702 11.667300 0.040983 0.016356 0.999026 0.000000 0.000000 0.000000 0.000000 1.000000
0.998978 -0.037396 -0.025383 0.000000 0.036815 0.999058 -0.022972 11.667300 0.026218 0.022014 0.999414 0.000000 0.000000 0.000000 0.000000 1.000000
0.999304 -0.036746 -0.006394 0.000000 0.036555 0.998946 -0.027776 11.667300 0.007408 0.027523 0.999594 0.000000 0.000000 0.000000 0.000000 1.000000
0.999556 -0.028486 0.008763 0.000000 0.028734 0.999147 -0.029675 11.667300 -0.007910 0.029914 0.999521 0.000000 0.000000 0.000000 0.000000 1.000000
0.999668 -0.016527 0.019755 0.000000 0.017076 0.999463 -0.027951 11.667300 -0.019282 0.028280 0.999414 0.000000 0.000000 0.000000 0.000000 1.000000</float_array>
        <technique_common>
          <accessor source="#mixamorig_Spine1-Matrix-animation-output-transform-array" count="26" stride="16">
            <param type="float4x4"/>
          </accessor>
        </technique_common>
      </source>
      <source id="mixamorig_Spine1-Interpolations">
        <Name_array id="mixamorig_Spine1-Interpolations-array" count="26">
 LINEAR LINEAR LINEAR LINEAR LINEAR LINEAR LINEAR LINEAR LINEAR LINEAR LINEAR
LINEAR LINEAR LINEAR LINEAR LINEAR LINEAR LINEAR LINEAR LINEAR LINEAR LINEAR LINEAR
LINEAR LINEAR LINEAR</Name_array>
        <technique_common>
          <accessor source="#mixamorig_Spine1-Interpolations-array" count="26">
            <param type="name"/>
          </accessor>
        </technique_common>
      </source>
      <sampler id="mixamorig_Spine1-Matrix-animation-transform">
        <input semantic="INPUT" source="#mixamorig_Spine1-Matrix-animation-input"/>
        <input semantic="OUTPUT" source="#mixamorig_Spine1-Matrix-animation-output-transform"/>
        <input semantic="INTERPOLATION" source="#mixamorig_Spine1-Interpolations"/>
      </sampler>
      <channel source="#mixamorig_Spine1-Matrix-animation-transform" target="mixamorig_Spine1/matrix"/>
    </animation>
    <animation id="mixamorig_Spine2-anim" name="mixamorig_Spine2">
      <source id="mixamorig_Spine2-Matrix-animation-input">
        <float_array id="mixamorig_Spine2-Matrix-animation-input-array" count="26">

0.000000 0.033333 0.066667 0.100000 0.133333 0.166667 0.200000 0.233333 0.266667 0.300000 0.333333 0.366667 0.400000 0.433333 0.466667 0.500000
0.533333 0.566667 0.600000 0.633333 0.666667 0.700000 0.733333 0.766667 0.800000 0.833333</float_array>
        <technique_common>
          <accessor source="#mixamorig_Spine2-Matrix-animation-input-array" count="26">
            <param name="TIME" type="float"/>
          </accessor>
        </technique_common>
      </source>
      <source id="mixamorig_Spine2-Matrix-animation-output-transform">
        <float_array id="mixamorig_Spine2-Matrix-animation-output-transform-array" count="416">

0.999674 -0.016286 0.019648 0.000000 0.016836 0.999463 -0.028116 13.334100 -0.019180 0.028437 0.999412 -0.000000 0.000000 0.000000 0.000000 1.000000
0.999422 -0.004710 0.033662 -0.000000 0.005426 0.999760 -0.021207 13.334100 -0.033554 0.021377 0.999208 0.000000 0.000000 0.000000 0.000000 1.000000
0.999087 0.001976 0.042676 -0.000000 -0.001446 0.999922 -0.012438 13.334100 -0.042698 0.012365 0.999012 0.000000 0.000000 0.000000 0.000000 1.000000
0.998867 0.009593 0.046609 -0.000000 -0.009300 0.999936 -0.006503 13.334100 -0.046668 0.006062 0.998892 0.000000 0.000000 0.000000 0.000000 1.000000
0.998962 0.009434 0.044568 -0.000000 -0.008788 0.999854 -0.014658 13.334100 -0.044700 0.014251 0.998899 -0.000000 0.000000 0.000000 0.000000 1.000000
0.999145 0.007852 0.040600 0.000000 -0.006815 0.999649 -0.025601 13.334100 -0.040787 0.025302 0.998847 -0.000000 0.000000 0.000000 0.000000 1.000000
0.999435 0.007100 0.032854 -0.000000 -0.005903 0.999321 -0.036380 13.334100 -0.033090 0.036165 0.998798 -0.000000 0.000000 0.000000 0.000000 1.000000
0.999608 0.012957 0.024820 -0.000000 -0.012112 0.999352 -0.033889 13.334100 -0.025243 0.033575 0.999117 0.000000 0.000000 0.000000 0.000000 1.000000
0.999563 0.020774 0.021044 0.000000 -0.020174 0.999395 -0.028320 13.334100 -0.021620 0.027883 0.999377 -0.000000 0.000000 0.000000 0.000000 1.000000
0.999513 0.027265 0.015184 -0.000000 -0.026819 0.999225 -0.028822 13.334100 -0.015958 0.028401 0.999469 0.000000 0.000000 0.000000 0.000000 1.000000
0.999598 0.028340 0.001083 0.000000 -0.028296 0.999164 -0.029517 13.334100 -0.001918 0.029474 0.999564 0.000000 0.000000 0.000000 0.000000 1.000000
0.999626 0.022354 -0.015772 0.000000 -0.022768 0.999389 -0.026525 13.334100 0.015169 0.026874 0.999524 0.000000 0.000000 0.000000 0.000000 1.000000
0.999510 0.011620 -0.029051 0.000000 -0.012092 0.999797 -0.016104 13.334100 0.028858 0.016447 0.999448 0.000000 0.000000 0.000000 0.000000 1.000000
0.999224 -0.000993 -0.039371 0.000000 0.000905 0.999997 -0.002263 13.334100 0.039373 0.002226 0.999222 0.000000 0.000000 0.000000 0.000000 1.000000
0.998629 -0.012557 -0.050815 -0.000000 0.013212 0.999834 0.012567 13.334100 0.050648 -0.013222 0.998629 0.000000 0.000000 0.000000 0.000000 1.000000
0.997984 -0.019832 -0.060292 0.000000 0.021108 0.999565 0.020612 13.334100 0.059857 -0.021843 0.997968 0.000000 0.000000 0.000000 0.000000 1.000000
0.997894 -0.021555 -0.061173 -0.000000 0.022415 0.999659 0.013421 13.334100 0.060863 -0.014764 0.998037 -0.000000 0.000000 0.000000 0.000000 1.000000
0.998156 -0.022293 -0.056456 -0.000000 0.022499 0.999742 0.003012 13.334100 0.056374 -0.004276 0.998401 -0.000000 0.000000 0.000000 0.000000 1.000000
0.998237 -0.024454 -0.054084 0.000000 0.024382 0.999701 -0.001993 13.334100 0.054117 0.000670 0.998534 -0.000000 0.000000 0.000000 0.000000 1.000000
0.998312 -0.027117 -0.051351 -0.000000 0.026830 0.999620 -0.006252 13.334100 0.051502 0.004863 0.998661 0.000000 0.000000 0.000000 0.000000 1.000000
0.998435 -0.030188 -0.047078 0.000000 0.029671 0.999492 -0.011638 13.334100 0.047406 0.010223 0.998823 0.000000 0.000000 0.000000 0.000000 1.000000
0.998616 -0.033577 -0.040476 0.000000 0.032902 0.999310 -0.017224 13.334100 0.041027 0.015869 0.999032 -0.000000 0.000000 0.000000 0.000000 1.000000
0.998970 -0.037549 -0.025462 0.000000 0.036975 0.999059 -0.022653 13.334100 0.026289 0.021688 0.999419 0.000000 0.000000 0.000000 0.000000 1.000000
0.999304 -0.036731 -0.006562 0.000000 0.036536 0.998948 -0.027723 13.334100 0.007573 0.027464 0.999594 0.000000 0.000000 0.000000 0.000000 1.000000
0.999561 -0.028354 0.008590 0.000000 0.028598 0.999146 -0.029810 13.334100 -0.007737 0.030042 0.999519 -0.000000 0.000000 0.000000 0.000000 1.000000
0.999674 -0.016286 0.019648 0.000000 0.016836 0.999463 -0.028116 13.334100 -0.019180 0.028437 0.999412 -0.000000 0.000000 0.000000 0.000000 1.000000</float_array>
        <technique_common>
          <accessor source="#mixamorig_Spine2-Matrix-animation-output-transform-array" count="26" stride="16">
            <param type="float4x4"/>
          </accessor>
        </technique_common>
      </source>
      <source id="mixamorig_Spine2-Interpolations">
        <Name_array id="mixamorig_Spine2-Interpolations-array" count="26">
 LINEAR LINEAR LINEAR LINEAR LINEAR LINEAR LINEAR LINEAR LINEAR LINEAR LINEAR
LINEAR LINEAR LINEAR LINEAR LINEAR LINEAR LINEAR LINEAR LINEAR LINEAR LINEAR LINEAR
LINEAR LINEAR LINEAR</Name_array>
        <technique_common>
          <accessor source="#mixamorig_Spine2-Interpolations-array" count="26">
            <param type="name"/>
          </accessor>
        </technique_common>
      </source>
      <sampler id="mixamorig_Spine2-Matrix-animation-transform">
        <input semantic="INPUT" source="#mixamorig_Spine2-Matrix-animation-input"/>
        <input semantic="OUTPUT" source="#mixamorig_Spine2-Matrix-animation-output-transform"/>
        <input semantic="INTERPOLATION" source="#mixamorig_Spine2-Interpolations"/>
      </sampler>
      <channel source="#mixamorig_Spine2-Matrix-animation-transform" target="mixamorig_Spine2/matrix"/>
    </animation>
    <animation id="mixamorig_Neck-anim" name="mixamorig_Neck">
      <source id="mixamorig_Neck-Matrix-animation-input">
        <float_array id="mixamorig_Neck-Matrix-animation-input-array" count="26">

0.000000 0.033333 0.066667 0.100000 0.133333 0.166667 0.200000 0.233333 0.266667 0.300000 0.333333 0.366667 0.400000 0.433333 0.466667 0.500000
0.533333 0.566667 0.600000 0.633333 0.666667 0.700000 0.733333 0.766667 0.800000 0.833333</float_array>
        <technique_common>
          <accessor source="#mixamorig_Neck-Matrix-animation-input-array" count="26">
            <param name="TIME" type="float"/>
          </accessor>
        </technique_common>
      </source>
      <source id="mixamorig_Neck-Matrix-animation-output-transform">
        <float_array id="mixamorig_Neck-Matrix-animation-output-transform-array" count="416">

0.999978 0.001546 -0.006375 0.000000 -0.002196 0.994663 -0.103150 15.000900 0.006182 0.103162 0.994645 -0.000000 0.000000 0.000000 0.000000 1.000000
0.999968 -0.004108 -0.006857 0.000000 0.003367 0.994476 -0.104908 15.000900 0.007250 0.104882 0.994458 0.000000 0.000000 0.000000 0.000000 1.000000
0.999963 -0.006919 -0.005175 0.000000 0.006353 0.994726 -0.102367 15.000900 0.005856 0.102331 0.994733 -0.000000 0.000000 0.000000 0.000000 1.000000
0.999862 -0.016065 -0.004262 0.000000 0.015562 0.994931 -0.099347 15.000900 0.005837 0.099267 0.995044 0.000000 0.000000 0.000000 0.000000 1.000000
0.999711 -0.023884 -0.002738 -0.000000 0.023502 0.994944 -0.097643 15.000900 0.005056 0.097550 0.995218 0.000000 0.000000 0.000000 0.000000 1.000000
0.999501 -0.031569 -0.001193 -0.000000 0.031305 0.994796 -0.096963 15.000900 0.004248 0.096877 0.995287 -0.000000 0.000000 0.000000 0.000000 1.000000
0.999204 -0.039895 -0.000065 0.000000 0.039688 0.994178 -0.100179 15.000900 0.004062 0.100096 0.994969 0.000000 0.000000 0.000000 0.000000 1.000000
0.998777 -0.049420 0.001601 -0.000000 0.049329 0.993658 -0.101044 15.000900 0.003403 0.100999 0.994881 0.000000 0.000000 0.000000 0.000000 1.000000
0.998202 -0.059818 0.003915 0.000000 0.059907 0.993059 -0.101213 15.000900 0.002167 0.101266 0.994857 -0.000000 0.000000 0.000000 0.000000 1.000000
0.997731 -0.066861 0.007875 0.000000 0.067309 0.993075 -0.096284 15.000900 -0.001382 0.096596 0.995323 -0.000000 0.000000 0.000000 0.000000 1.000000
0.997473 -0.069872 0.012863 0.000000 0.070748 0.993447 -0.089767 15.000900 -0.006507 0.090451 0.995880 0.000000 0.000000 0.000000 0.000000 1.000000
0.997489 -0.068459 0.018130 0.000000 0.069785 0.993762 -0.086987 15.000900 -0.012062 0.088033 0.996044 0.000000 0.000000 0.000000 0.000000 1.000000
0.997804 -0.061930 0.023500 0.000000 0.063821 0.993824 -0.090781 15.000900 -0.017732 0.092081 0.995594 0.000000 0.000000 0.000000 0.000000 1.000000
0.998174 -0.053326 0.028361 0.000000 0.055860 0.993651 -0.097658 15.000900 -0.022974 0.099064 0.994816 0.000000 0.000000 0.000000 0.000000 1.000000
0.998491 -0.043931 0.032960 -0.000000 0.047093 0.993644 -0.102246 15.000900 -0.028258 0.103644 0.994213 0.000000 0.000000 0.000000 0.000000 1.000000
0.998737 -0.034789 0.036252 0.000000 0.038351 0.993973 -0.102702 15.000900 -0.032461 0.103962 0.994051 0.000000 0.000000 0.000000 0.000000 1.000000
0.998980 -0.024395 0.037996 -0.000000 0.028121 0.994507 -0.100818 15.000900 -0.035328 0.101784 0.994179 0.000000 0.000000 0.000000 0.000000 1.000000
0.999165 -0.011830 0.039103 0.000000 0.015846 0.994447 -0.104043 15.000900 -0.037655 0.104576 0.993804 0.000000 0.000000 0.000000 0.000000 1.000000
0.999210 -0.002542 0.039658 0.000000 0.006908 0.993870 -0.110340 15.000900 -0.039134 0.110527 0.993102 0.000000 0.000000 0.000000 0.000000 1.000000
0.999240 0.005402 0.038614 0.000000 -0.000912 0.993324 -0.115350 15.000900 -0.038979 0.115227 0.992574 0.000000 0.000000 0.000000 0.000000 1.000000
0.999346 0.012050 0.034098 0.000000 -0.008041 0.993289 -0.115378 15.000900 -0.035259 0.115028 0.992736 0.000000 0.000000 0.000000 0.000000 1.000000
0.999470 0.017158 0.027681 0.000000 -0.013926 0.993500 -0.112981 15.000900 -0.029439 0.112535 0.993212 0.000000 0.000000 0.000000 0.000000 1.000000
0.999671 0.017862 0.018405 0.000000 -0.015778 0.994052 -0.107760 15.000900 -0.020221 0.107434 0.994007 0.000000 0.000000 0.000000 0.000000 1.000000
0.999856 0.013991 0.009655 0.000000 -0.012916 0.994539 -0.103566 15.000900 -0.011052 0.103426 0.994576 0.000000 0.000000 0.000000 0.000000 1.000000
0.999981 0.006147 0.000985 -0.000000 -0.006015 0.994755 -0.102105 15.000900 -0.001607 0.102097 0.994773 0.000000 0.000000 0.000000 0.000000 1.000000
0.999978 0.001546 -0.006375 -0.000000 -0.002196 0.994663 -0.103150 15.000900 0.006182 0.103162 0.994645 0.000000 0.000000 0.000000 0.000000 1.000000</float_array>
        <technique_common>
          <accessor source="#mixamorig_Neck-Matrix-animation-output-transform-array" count="26" stride="16">
            <param type="float4x4"/>
          </accessor>
        </technique_common>
      </source>
      <source id="mixamorig_Neck-Interpolations">
        <Name_array id="mixamorig_Neck-Interpolations-array" count="26">
 LINEAR LINEAR LINEAR LINEAR LINEAR LINEAR LINEAR LINEAR LINEAR LINEAR LINEAR
LINEAR LINEAR LINEAR LINEAR LINEAR LINEAR LINEAR LINEAR LINEAR LINEAR LINEAR LINEAR
LINEAR LINEAR LINEAR</Name_array>
        <technique_common>
          <accessor source="#mixamorig_Neck-Interpolations-array" count="26">
            <param type="name"/>
          </accessor>
        </technique_common>
      </source>
      <sampler id="mixamorig_Neck-Matrix-animation-transform">
        <input semantic="INPUT" source="#mixamorig_Neck-Matrix-animation-input"/>
        <input semantic="OUTPUT" source="#mixamorig_Neck-Matrix-animation-output-transform"/>
        <input semantic="INTERPOLATION" source="#mixamorig_Neck-Interpolations"/>
      </sampler>
      <channel source="#mixamorig_Neck-Matrix-animation-transform" target="mixamorig_Neck/matrix"/>
    </animation>
    <animation id="mixamorig_Head-anim" name="mixamorig_Head">
      <source id="mixamorig_Head-Matrix-animation-input">
        <float_array id="mixamorig_Head-Matrix-animation-input-array" count="26">

0.000000 0.033333 0.066667 0.100000 0.133333 0.166667 0.200000 0.233333 0.266667 0.300000 0.333333 0.366667 0.400000 0.433333 0.466667 0.500000
0.533333 0.566667 0.600000 0.633333 0.666667 0.700000 0.733333 0.766667 0.800000 0.833333</float_array>
        <technique_common>
          <accessor source="#mixamorig_Head-Matrix-animation-input-array" count="26">
            <param name="TIME" type="float"/>
          </accessor>
        </technique_common>
      </source>
      <source id="mixamorig_Head-Matrix-animation-output-transform">
        <float_array id="mixamorig_Head-Matrix-animation-output-transform-array" count="416">

0.994144 0.085348 -0.066287 -0.000000 -0.064030 0.959338 0.274901 6.498500 0.087054 -0.269047 0.959185 1.097900 0.000000 0.000000 0.000000 1.000000
0.993506 0.074536 -0.085964 0.000000 -0.049129 0.962510 0.266759 6.498500 0.102625 -0.260803 0.959922 1.097900 0.000000 0.000000 0.000000 1.000000
0.993123 0.062893 -0.098750 -0.000000 -0.035052 0.964497 0.261759 6.498500 0.111707 -0.256498 0.960068 1.097900 0.000000 0.000000 0.000000 1.000000
0.992742 0.050461 -0.109169 0.000000 -0.019836 0.963988 0.265207 6.498500 0.118620 -0.261116 0.957991 1.097900 0.000000 0.000000 0.000000 1.000000
0.992560 0.038378 -0.115554 0.000000 -0.004985 0.961041 0.276362 6.498500 0.121659 -0.273730 0.954081 1.097900 0.000000 0.000000 0.000000 1.000000
0.992332 0.026463 -0.120737 0.000000 0.009451 0.957708 0.287587 6.498500 0.123242 -0.286523 0.950114 1.097900 0.000000 0.000000 0.000000 1.000000
0.992353 0.014402 -0.122591 0.000000 0.022195 0.956161 0.291998 6.498500 0.121423 -0.292486 0.948530 1.097900 0.000000 0.000000 0.000000 1.000000
0.992451 0.002085 -0.122627 0.000000 0.034688 0.954260 0.296960 6.498500 0.117637 -0.298972 0.946983 1.097900 0.000000 0.000000 0.000000 1.000000
0.993124 -0.009133 -0.116714 -0.000000 0.044147 0.952566 0.301112 6.498500 0.108427 -0.304194 0.946419 1.097900 0.000000 0.000000 0.000000 1.000000
0.994539 -0.018172 -0.102774 0.000000 0.049774 0.948109 0.314026 6.498500 0.091734 -0.317426 0.943836 1.097900 0.000000 0.000000 0.000000 1.000000
0.996157 -0.024870 -0.083985 0.000000 0.051475 0.942016 0.331598 6.498500 0.070869 -0.334646 0.939675 1.097900 0.000000 0.000000 0.000000 1.000000
0.997665 -0.028455 -0.062092 0.000000 0.047688 0.941018 0.334980 6.498500 0.048898 -0.337159 0.940177 1.097900 0.000000 0.000000 0.000000 1.000000
0.998875 -0.027119 -0.038900 0.000000 0.038079 0.947598 0.317187 6.498500 0.028259 -0.318311 0.947565 1.097900 0.000000 0.000000 0.000000 1.000000
0.999648 -0.020938 -0.016289 0.000000 0.024688 0.958949 0.282503 6.498500 0.009705 -0.282806 0.959128 1.097900 0.000000 0.000000 0.000000 1.000000
0.999924 -0.011263 0.004954 0.000000 0.009708 0.969536 0.244757 6.498500 -0.007560 -0.244690 0.969572 1.097900 0.000000 0.000000 0.000000 1.000000
0.999731 0.000385 0.023200 -0.000000 -0.005657 0.973733 0.227624 6.498500 -0.022503 -0.227694 0.973473 1.097900 0.000000 0.000000 0.000000 1.000000
0.999168 0.014459 0.038133 0.000000 -0.022624 0.974484 0.223316 6.498500 -0.033931 -0.223993 0.974000 1.097900 0.000000 0.000000 0.000000 1.000000
0.998275 0.031399 0.049607 0.000000 -0.041401 0.975596 0.215634 6.498500 -0.041626 -0.217316 0.975213 1.097900 0.000000 0.000000 0.000000 1.000000
0.997200 0.049501 0.056053 0.000000 -0.060051 0.976765 0.205730 6.498500 -0.044567 -0.208520 0.977002 1.097900 0.000000 0.000000 0.000000 1.000000
0.996129 0.067293 0.056558 0.000000 -0.077467 0.976108 0.203010 6.498500 -0.041546 -0.206605 0.977542 1.097900 0.000000 0.000000 0.000000 1.000000
0.995393 0.084179 0.045901 0.000000 -0.092293 0.970948 0.220776 6.498500 -0.025983 -0.223995 0.974244 1.097900 0.000000 0.000000 0.000000 1.000000
0.994496 0.100393 0.029967 -0.000000 -0.104692 0.963311 0.247128 6.498500 -0.004057 -0.248905 0.968519 1.097900 0.000000 0.000000 0.000000 1.000000
0.993574 0.112978 0.006836 0.000000 -0.110442 0.954511 0.276970 6.498500 0.024766 -0.275945 0.960854 1.097900 0.000000 0.000000 0.000000 1.000000
0.992942 0.117105 -0.018801 0.000000 -0.106768 0.951572 0.288291 6.498500 0.051651 -0.284249 0.957358 1.097900 0.000000 0.000000 0.000000 1.000000
0.993265 0.106861 -0.044791 0.000000 -0.089911 0.954665 0.283779 6.498500 0.073085 -0.277840 0.957843 1.097900 0.000000 0.000000 0.000000 1.000000
0.994146 0.085343 -0.066262 0.000000 -0.064032 0.959338 0.274902 6.498500 0.087029 -0.269049 0.959186 1.097900 0.000000 0.000000 0.000000 1.000000</float_array>
        <technique_common>
          <accessor source="#mixamorig_Head-Matrix-animation-output-transform-array" count="26" stride="16">
            <param type="float4x4"/>
          </accessor>
        </technique_common>
      </source>
      <source id="mixamorig_Head-Interpolations">
        <Name_array id="mixamorig_Head-Interpolations-array" count="26">
 LINEAR LINEAR LINEAR LINEAR LINEAR LINEAR LINEAR LINEAR LINEAR LINEAR LINEAR
LINEAR LINEAR LINEAR LINEAR LINEAR LINEAR LINEAR LINEAR LINEAR LINEAR LINEAR LINEAR
LINEAR LINEAR LINEAR</Name_array>
        <technique_common>
          <accessor source="#mixamorig_Head-Interpolations-array" count="26">
            <param type="name"/>
          </accessor>
        </technique_common>
      </source>
      <sampler id="mixamorig_Head-Matrix-animation-transform">
        <input semantic="INPUT" source="#mixamorig_Head-Matrix-animation-input"/>
        <input semantic="OUTPUT" source="#mixamorig_Head-Matrix-animation-output-transform"/>
        <input semantic="INTERPOLATION" source="#mixamorig_Head-Interpolations"/>
      </sampler>
      <channel source="#mixamorig_Head-Matrix-animation-transform" target="mixamorig_Head/matrix"/>
    </animation>
    <animation id="mixamorig_LeftShoulder-anim" name="mixamorig_LeftShoulder">
      <source id="mixamorig_LeftShoulder-Matrix-animation-input">
        <float_array id="mixamorig_LeftShoulder-Matrix-animation-input-array" count="26">

0.000000 0.033333 0.066667 0.100000 0.133333 0.166667 0.200000 0.233333 0.266667 0.300000 0.333333 0.366667 0.400000 0.433333 0.466667 0.500000
0.533333 0.566667 0.600000 0.633333 0.666667 0.700000 0.733333 0.766667 0.800000 0.833333</float_array>
        <technique_common>
          <accessor source="#mixamorig_LeftShoulder-Matrix-animation-input-array" count="26">
            <param name="TIME" type="float"/>
          </accessor>
        </technique_common>
      </source>
      <source id="mixamorig_LeftShoulder-Matrix-animation-output-transform">
        <float_array id="mixamorig_LeftShoulder-Matrix-animation-output-transform-array" count="416">

-0.132434 0.900625 -0.413927 5.995400 0.049996 -0.411004 -0.910262 13.124500 -0.989930 -0.141244 0.009403 -0.227500 0.000000 0.000000 0.000000 1.000000
-0.186599 0.894771 -0.405668 5.995400 0.051276 -0.403487 -0.913547 13.124500 -0.981097 -0.191268 0.029410 -0.227500 0.000000 0.000000 0.000000 1.000000
-0.254448 0.875971 -0.409793 5.995400 0.056551 -0.409538 -0.910539 13.124500 -0.965431 -0.254860 0.054669 -0.227500 0.000000 0.000000 0.000000 1.000000
-0.317500 0.861016 -0.397298 5.995400 0.057428 -0.400749 -0.914386 13.124500 -0.946518 -0.313133 0.077792 -0.227500 0.000000 0.000000 0.000000 1.000000
-0.348237 0.850217 -0.394793 5.995400 0.059233 -0.400355 -0.914444 13.124500 -0.935533 -0.341828 0.089058 -0.227500 0.000000 0.000000 0.000000 1.000000
-0.364518 0.843329 -0.394871 5.995400 0.060584 -0.401671 -0.913778 13.124500 -0.929223 -0.357011 0.095324 -0.227500 0.000000 0.000000 0.000000 1.000000
-0.340920 0.851735 -0.397895 5.995400 0.058763 -0.403116 -0.913260 13.124500 -0.938254 -0.334731 0.087380 -0.227500 0.000000 0.000000 0.000000 1.000000
-0.301550 0.867262 -0.396137 5.995400 0.052993 -0.399590 -0.915161 13.124500 -0.951977 -0.296959 0.074537 -0.227500 0.000000 0.000000 0.000000 1.000000
-0.249756 0.883391 -0.396539 5.995400 0.046811 -0.398023 -0.916180 13.124500 -0.967177 -0.247384 0.058056 -0.227500 0.000000 0.000000 0.000000 1.000000
-0.191130 0.890724 -0.412408 5.995400 0.043798 -0.411996 -0.910132 13.124500 -0.980587 -0.192016 0.039733 -0.227500 0.000000 0.000000 0.000000 1.000000
-0.111750 0.898032 -0.425501 5.995400 0.037535 -0.424062 -0.904855 13.124500 -0.993027 -0.117088 0.013681 -0.227500 0.000000 0.000000 0.000000 1.000000
-0.034259 0.907251 -0.419193 5.995400 0.028151 -0.418397 -0.907828 13.124500 -0.999016 -0.042902 -0.011207 -0.227500 0.000000 0.000000 0.000000 1.000000
0.032193 0.915684 -0.400607 5.995400 0.020020 -0.401325 -0.915717 13.124500 -0.999281 0.021459 -0.031252 -0.227500 0.000000 0.000000 0.000000 1.000000
0.095523 0.923475 -0.371577 5.995400 0.015649 -0.374631 -0.927042 13.124500 -0.995304 0.082739 -0.050237 -0.227500 0.000000 0.000000 0.000000 1.000000
0.135651 0.931145 -0.338478 5.995400 0.016609 -0.343725 -0.938924 13.124500 -0.990617 0.121744 -0.062092 -0.227500 0.000000 0.000000 0.000000 1.000000
0.149331 0.939191 -0.309226 5.995400 0.020479 -0.315603 -0.948670 13.124500 -0.988575 0.135334 -0.066363 -0.227500 0.000000 0.000000 0.000000 1.000000
0.144116 0.944077 -0.296561 5.995400 0.022983 -0.302802 -0.952776 13.124500 -0.989294 0.130494 -0.065336 -0.227500 0.000000 0.000000 0.000000 1.000000
0.118282 0.944564 -0.306283 5.995400 0.022869 -0.310957 -0.950149 13.124500 -0.992717 0.105381 -0.058382 -0.227500 0.000000 0.000000 0.000000 1.000000
0.075524 0.944755 -0.318957 5.995400 0.023070 -0.321440 -0.946649 13.124500 -0.996877 0.064136 -0.046072 -0.227500 0.000000 0.000000 0.000000 1.000000
