<?xml version="1.0" encoding="utf-8"?>
<COLLADA xmlns="http://www.collada.org/2005/11/COLLADASchema" version="1.4.1">
  <asset>
    <contributor>
      <author>Mixamo</author>
      <authoring_tool>COLLADA Mixamo exporter</authoring_tool>
      <comments/>
    </contributor>
    <created>2024-07-27T17:23:30Z</created>
    <modified>2024-07-27T17:23:30Z</modified>
    <revision/>
    <title/>
    <unit meter="0.010000"/>
    <up_axis>Y_UP</up_axis>
  </asset>
  <library_animations>
    <animation id="mixamorig_Hips-anim" name="mixamorig_Hips">
      <source id="mixamorig_Hips-Matrix-animation-input">
        <float_array id="mixamorig_Hips-Matrix-animation-input-array" count="77">

0.000000 0.033333 0.066667 0.100000 0.133333 0.166667 0.200000 0.233333 0.266667 0.300000 0.333333 0.366667 0.400000 0.433333 0.466667 0.500000
0.533333 0.566667 0.600000 0.633333 0.666667 0.700000 0.733333 0.766667 0.800000 0.833333 0.866667 0.900000 0.933333 0.966667 1.000000 1.033333
1.066667 1.100000 1.133333 1.166667 1.200000 1.233333 1.266667 1.300000 1.333333 1.366667 1.400000 1.433333 1.466667 1.500000 1.533333 1.566667
1.600000 1.633333 1.666667 1.700000 1.733333 1.766667 1.800000 1.833333 1.866667 1.900000 1.933333 1.966667 2.000000 2.033333 2.066667 2.100000
2.133333 2.166667 2.200000 2.233333 2.266667 2.300000 2.333333 2.366667 2.400000 2.433333 2.466667 2.500000 2.533333</float_array>
        <technique_common>
          <accessor source="#mixamorig_Hips-Matrix-animation-input-array" count="77">
            <param name="TIME" type="float"/>
          </accessor>
        </technique_common>
      </source>
      <source id="mixamorig_Hips-Matrix-animation-output-transform">
        <float_array id="mixamorig_Hips-Matrix-animation-output-transform-array" count="1232">

0.997792 0.014801 -0.064746 -0.342464 -0.018972 0.997751 -0.064295 93.799904 0.063649 0.065382 0.995828 -0.603083 0.000000 0.000000 0.000000 1.000000
0.997377 -0.014592 -0.070893 -0.009854 0.009421 0.997307 -0.072733 96.234016 0.071763 0.071874 0.994829 5.440701 0.000000 0.000000 0.000000 1.000000
0.996565 -0.041133 -0.071882 0.381988 0.035160 0.995973 -0.082477 98.346252 0.074985 0.079666 0.993997 11.563719 0.000000 0.000000 0.000000 1.000000
0.996241 -0.059082 -0.063349 0.837213 0.051176 0.991468 -0.119881 99.555809 0.069891 0.116188 0.990765 17.633053 0.000000 0.000000 0.000000 1.000000
0.996895 -0.059613 -0.051440 1.231388 0.050885 0.986306 -0.156881 100.021202 0.060088 0.153776 0.986277 23.892860 0.000000 0.000000 0.000000 1.000000
0.997917 -0.049941 -0.040839 1.652521 0.042830 0.986268 -0.159501 99.618843 0.048244 0.157419 0.986353 30.314898 0.000000 0.000000 0.000000 1.000000
0.998471 -0.048302 -0.026867 2.089068 0.044535 0.990966 -0.126505 98.365547 0.032734 0.125115 0.991602 36.788902 0.000000 0.000000 0.000000 1.000000
0.997976 -0.062728 -0.010418 2.474909 0.061741 0.995101 -0.077214 96.426117 0.015211 0.076415 0.996960 43.235844 0.000000 0.000000 0.000000 1.000000
0.996316 -0.085665 -0.003933 2.905823 0.085522 0.995940 -0.028093 93.846268 0.006324 0.027653 0.999598 49.565807 0.000000 0.000000 0.000000 1.000000
0.993548 -0.111854 -0.018724 3.317415 0.111929 0.993712 0.003012 91.536949 0.018270 -0.005088 0.999820 55.453419 0.000000 0.000000 0.000000 1.000000
0.992217 -0.115967 -0.045354 3.414460 0.116198 0.993223 0.002475 90.417160 0.044759 -0.007726 0.998968 60.729595 0.000000 0.000000 0.000000 1.000000
0.991202 -0.111366 -0.071534 3.403259 0.111304 0.993774 -0.004875 89.907257 0.071631 -0.003130 0.997426 65.879997 0.000000 0.000000 0.000000 1.000000
0.992824 -0.084026 -0.085091 3.165370 0.083072 0.996435 -0.014702 91.257309 0.086023 0.007528 0.996265 71.012947 0.000000 0.000000 0.000000 1.000000
0.994018 -0.046582 -0.098781 2.884819 0.045329 0.998861 -0.014896 93.807968 0.099363 0.010329 0.994998 76.647408 0.000000 0.000000 0.000000 1.000000
0.993431 -0.003930 -0.114365 2.514485 0.001939 0.999845 -0.017515 96.335808 0.114416 0.017178 0.993284 82.783493 0.000000 0.000000 0.000000 1.000000
0.990368 0.036502 -0.133562 2.126836 -0.041649 0.998486 -0.035941 98.411324 0.132047 0.041158 0.990389 89.251740 0.000000 0.000000 0.000000 1.000000
0.986373 0.055307 -0.154948 1.862894 -0.066486 0.995473 -0.067921 99.465866 0.150490 0.077297 0.985585 95.885437 0.000000 0.000000 0.000000 1.000000
0.984273 0.046059 -0.170546 1.729815 -0.062106 0.994005 -0.089980 99.664993 0.165379 0.099156 0.981233 102.609543 0.000000 0.000000 0.000000 1.000000
0.984279 0.023274 -0.175080 1.511968 -0.037545 0.996195 -0.078646 98.990028 0.172584 0.083983 0.981408 109.346252 0.000000 0.000000 0.000000 1.000000
0.986000 0.016518 -0.165923 1.042197 -0.023239 0.998983 -0.038645 97.611954 0.165116 0.041960 0.985381 116.096909 0.000000 0.000000 0.000000 1.000000
0.988701 0.029325 -0.147005 0.341373 -0.028543 0.999565 0.007426 95.550514 0.147159 -0.003146 0.989108 122.907623 0.000000 0.000000 0.000000 1.000000
0.990432 0.051540 -0.128013 -0.435036 -0.047073 0.998180 0.037681 93.264206 0.129722 -0.031295 0.991056 129.527878 0.000000 0.000000 0.000000 1.000000
0.992488 0.066790 -0.102498 -0.991897 -0.062498 0.997051 0.044529 91.370941 0.105169 -0.037789 0.993736 135.585938 0.000000 0.000000 0.000000 1.000000
0.994281 0.067628 -0.082654 -1.021642 -0.064989 0.997299 0.034212 90.550743 0.084745 -0.028645 0.995991 141.151825 0.000000 0.000000 0.000000 1.000000
0.995636 0.063908 -0.068004 -0.883669 -0.062861 0.997870 0.017430 90.288216 0.068973 -0.013079 0.997533 146.658432 0.000000 0.000000 0.000000 1.000000
0.996084 0.049465 -0.073277 -0.434226 -0.050698 0.998601 -0.015051 91.741043 0.072430 0.018707 0.997198 152.360916 0.000000 0.000000 0.000000 1.000000
0.996873 0.021519 -0.076030 0.249241 -0.025055 0.998633 -0.045871 94.157913 0.074939 0.047632 0.996050 158.524597 0.000000 0.000000 0.000000 1.000000
0.997048 -0.013099 -0.075661 1.095643 0.007547 0.997288 -0.073208 96.555855 0.076415 0.072421 0.994443 164.974823 0.000000 0.000000 0.000000 1.000000
0.996598 -0.040350 -0.071869 1.965248 0.032433 0.993610 -0.108108 98.420593 0.075772 0.105409 0.991538 171.545151 0.000000 0.000000 0.000000 1.000000
0.996728 -0.050150 -0.063393 2.671872 0.040287 0.988126 -0.148270 99.374184 0.070076 0.145231 0.986913 178.188400 0.000000 0.000000 0.000000 1.000000
0.997414 -0.044205 -0.056667 3.165589 0.033683 0.984034 -0.174765 99.429688 0.063487 0.172404 0.982978 184.939651 0.000000 0.000000 0.000000 1.000000
0.998329 -0.031251 -0.048613 3.582257 0.022459 0.984860 -0.171891 98.478004 0.053249 0.170511 0.983916 191.721146 0.000000 0.000000 0.000000 1.000000
0.999221 -0.025842 -0.029839 4.020504 0.021426 0.989945 -0.139821 96.688004 0.033152 0.139073 0.989727 198.444626 0.000000 0.000000 0.000000 1.000000
0.999105 -0.037742 -0.019105 4.578924 0.035847 0.995178 -0.091301 94.104263 0.022459 0.090535 0.995640 205.338303 0.000000 0.000000 0.000000 1.000000
0.997408 -0.064214 -0.032460 5.269628 0.062188 0.996261 -0.059979 91.836044 0.036190 0.057805 0.997672 211.848846 0.000000 0.000000 0.000000 1.000000
0.994761 -0.088137 -0.051801 5.893920 0.086239 0.995557 -0.037806 89.848549 0.054903 0.033141 0.997942 218.121323 0.000000 0.000000 0.000000 1.000000
0.993414 -0.089996 -0.070914 6.053877 0.087362 0.995397 -0.039412 88.949051 0.074135 0.032957 0.996703 223.586670 0.000000 0.000000 0.000000 1.000000
0.993222 -0.078670 -0.085560 5.965360 0.074951 0.996133 -0.045844 89.371834 0.088836 0.039121 0.995278 229.068237 0.000000 0.000000 0.000000 1.000000
0.993359 -0.055018 -0.101051 5.858852 0.050005 0.997421 -0.051494 91.516113 0.103624 0.046099 0.993548 234.969193 0.000000 0.000000 0.000000 1.000000
0.991635 -0.019586 -0.127578 5.575234 0.012216 0.998224 -0.058299 94.367500 0.128494 0.056253 0.990114 241.407196 0.000000 0.000000 0.000000 1.000000
0.987155 0.019692 -0.158545 5.000214 -0.032220 0.996523 -0.076842 96.847435 0.156480 0.080964 0.984357 248.089569 0.000000 0.000000 0.000000 1.000000
0.982343 0.047547 -0.180947 4.433331 -0.067956 0.991792 -0.108312 98.359329 0.174312 0.118696 0.977510 254.813766 0.000000 0.000000 0.000000 1.000000
0.980801 0.048643 -0.188849 4.050572 -0.075405 0.987666 -0.137222 98.963249 0.179845 0.148827 0.972371 261.605133 0.000000 0.000000 0.000000 1.000000
0.983564 0.032374 -0.177635 3.703010 -0.058316 0.988028 -0.142826 98.734207 0.170884 0.150838 0.973677 268.349670 0.000000 0.000000 0.000000 1.000000
0.987328 0.020598 -0.157349 3.241073 -0.038281 0.993172 -0.110197 97.708733 0.154005 0.114824 0.981376 275.158630 0.000000 0.000000 0.000000 1.000000
0.988831 0.034017 -0.145110 2.573891 -0.041846 0.997809 -0.051246 95.898079 0.143049 0.056745 0.988088 282.188080 0.000000 0.000000 0.000000 1.000000
0.988322 0.067497 -0.136615 1.682264 -0.068926 0.997605 -0.005752 93.622879 0.135899 0.015101 0.990608 289.064056 0.000000 0.000000 0.000000 1.000000
0.988877 0.090525 -0.118016 0.884858 -0.091021 0.995848 0.001196 91.559937 0.117634 0.009559 0.993011 295.269958 0.000000 0.000000 0.000000 1.000000
0.990795 0.095684 -0.095764 0.545255 -0.097566 0.995114 -0.015159 90.235214 0.093846 0.024363 0.995289 301.003510 0.000000 0.000000 0.000000 1.000000
0.991326 0.093127 -0.092743 0.561965 -0.097021 0.994541 -0.038396 90.163834 0.088661 0.047061 0.994950 306.526154 0.000000 0.000000 0.000000 1.000000
0.990127 0.079940 -0.115143 0.739134 -0.088042 0.993856 -0.067079 91.558067 0.109073 0.076554 0.991081 312.168488 0.000000 0.000000 0.000000 1.000000
0.988361 0.052667 -0.142716 1.105687 -0.067124 0.992875 -0.098455 93.992104 0.136513 0.106889 0.984855 318.344849 0.000000 0.000000 0.000000 1.000000
0.988877 0.021714 -0.147145 1.691003 -0.042428 0.989363 -0.139139 96.422211 0.142559 0.143835 0.979280 324.869934 0.000000 0.000000 0.000000 1.000000
0.989453 -0.003205 -0.144821 2.248058 -0.023045 0.983540 -0.179215 98.431419 0.143011 0.180662 0.973092 331.516663 0.000000 0.000000 0.000000 1.000000
0.989830 -0.012173 -0.141737 2.610903 -0.018957 0.976159 -0.216227 99.421196 0.140990 0.216715 0.966000 338.262451 0.000000 0.000000 0.000000 1.000000
0.990310 -0.011299 -0.138416 2.891500 -0.023096 0.969406 -0.244375 99.789299 0.136942 0.245203 0.959751 345.115570 0.000000 0.000000 0.000000 1.000000
0.990576 0.006887 -0.136791 3.093920 -0.039392 0.970862 -0.236380 99.049339 0.131177 0.239540 0.961984 352.238739 0.000000 0.000000 0.000000 1.000000
0.991866 0.027097 -0.124368 3.345347 -0.051911 0.978241 -0.200871 97.404472 0.116219 0.205693 0.971691 359.398590 0.000000 0.000000 0.000000 1.000000
0.994831 0.024038 -0.098660 3.763518 -0.039197 0.987181 -0.154720 94.807144 0.093676 0.157787 0.983020 366.503967 0.000000 0.000000 0.000000 1.000000
0.997940 -0.001264 -0.064148 4.340504 -0.006185 0.993254 -0.115794 92.125092 0.063861 0.115952 0.991200 373.198914 0.000000 0.000000 0.000000 1.000000
0.998656 -0.018877 -0.048269 4.702302 0.014389 0.995682 -0.091706 90.195801 0.049792 0.090889 0.994616 379.292145 0.000000 0.000000 0.000000 1.000000
0.997900 -0.018167 -0.062172 4.600194 0.012807 0.996251 -0.085556 89.125519 0.063493 0.084580 0.994392 385.014313 0.000000 0.000000 0.000000 1.000000
0.997189 -0.004149 -0.074809 4.267398 -0.002224 0.996386 -0.084907 90.100647 0.074891 0.084835 0.993577 391.064850 0.000000 0.000000 0.000000 1.000000
0.996105 0.012603 -0.087269 3.888469 -0.020062 0.996168 -0.085125 91.476387 0.085862 0.086545 0.992541 397.188904 0.000000 0.000000 0.000000 1.000000
0.994360 0.033933 -0.100487 3.463472 -0.042871 0.995183 -0.088169 93.125793 0.097011 0.091979 0.991024 403.503357 0.000000 0.000000 0.000000 1.000000
0.990332 0.071762 -0.118710 2.897290 -0.083596 0.991678 -0.097911 95.568878 0.110696 0.106888 0.988090 410.233582 0.000000 0.000000 0.000000 1.000000
0.985763 0.101915 -0.133733 2.360149 -0.117048 0.986942 -0.110655 97.845024 0.120709 0.124733 0.984820 417.257721 0.000000 0.000000 0.000000 1.000000
0.986396 0.095185 -0.134022 2.090337 -0.112364 0.985509 -0.127066 98.660034 0.119985 0.140397 0.982798 424.401917 0.000000 0.000000 0.000000 1.000000
0.989459 0.072703 -0.125240 1.903754 -0.089971 0.986301 -0.138261 98.765884 0.113472 0.148072 0.982445 431.649017 0.000000 0.000000 0.000000 1.000000
0.994107 0.033929 -0.102960 1.689739 -0.045739 0.992359 -0.114597 97.820198 0.098285 0.118631 0.988062 438.984222 0.000000 0.000000 0.000000 1.000000
0.996359 0.014940 -0.083938 1.256860 -0.021007 0.997193 -0.071868 96.165611 0.082628 0.073370 0.993876 446.289062 0.000000 0.000000 0.000000 1.000000
0.996818 0.021930 -0.076641 0.590827 -0.023771 0.999448 -0.023193 94.079124 0.076090 0.024941 0.996789 453.341522 0.000000 0.000000 0.000000 1.000000
0.996620 0.041687 -0.070788 -0.143415 -0.041446 0.999129 0.004877 92.024010 0.070930 -0.001927 0.997479 459.741943 0.000000 0.000000 0.000000 1.000000
0.996843 0.057287 -0.054968 -0.632949 -0.057267 0.998357 0.001950 90.393051 0.054989 0.001204 0.998486 465.518463 0.000000 0.000000 0.000000 1.000000
0.997247 0.061036 -0.042100 -0.779320 -0.061710 0.997983 -0.014894 89.748596 0.041106 0.017451 0.999002 471.108582 0.000000 0.000000 0.000000 1.000000
0.997739 0.046206 -0.048805 -0.661347 -0.047903 0.998266 -0.034207 91.025894 0.047139 0.036468 0.998222 477.057709 0.000000 0.000000 0.000000 1.000000
0.997912 0.027597 -0.058402 -0.495311 -0.030777 0.998052 -0.054269 92.652603 0.056791 0.055953 0.996817 483.072083 0.000000 0.000000 0.000000 1.000000</float_array>
        <technique_common>
          <accessor source="#mixamorig_Hips-Matrix-animation-output-transform-array" count="77" stride="16">
            <param type="float4x4"/>
          </accessor>
        </technique_common>
      </source>
      <source id="mixamorig_Hips-Interpolations">
        <Name_array id="mixamorig_Hips-Interpolations-array" count="77">
 LINEAR LINEAR LINEAR LINEAR LINEAR LINEAR LINEAR LINEAR LINEAR LINEAR LINEAR
LINEAR LINEAR LINEAR LINEAR LINEAR LINEAR LINEAR LINEAR LINEAR LINEAR LINEAR LINEAR
LINEAR LINEAR LINEAR LINEAR LINEAR LINEAR LINEAR LINEAR LINEAR LINEAR LINEAR LINEAR
LINEAR LINEAR LINEAR LINEAR LINEAR LINEAR LINEAR LINEAR LINEAR LINEAR LINEAR LINEAR
LINEAR LINEAR LINEAR LINEAR LINEAR LINEAR LINEAR LINEAR LINEAR LINEAR LINEAR LINEAR
LINEAR LINEAR LINEAR LINEAR LINEAR LINEAR LINEAR LINEAR LINEAR LINEAR LINEAR LINEAR
LINEAR LINEAR LINEAR LINEAR LINEAR LINEAR</Name_array>
        <technique_common>
          <accessor source="#mixamorig_Hips-Interpolations-array" count="77">
            <param type="name"/>
          </accessor>
        </technique_common>
      </source>
      <sampler id="mixamorig_Hips-Matrix-animation-transform">
        <input semantic="INPUT" source="#mixamorig_Hips-Matrix-animation-input"/>
        <input semantic="OUTPUT" source="#mixamorig_Hips-Matrix-animation-output-transform"/>
        <input semantic="INTERPOLATION" source="#mixamorig_Hips-Interpolations"/>
      </sampler>
      <channel source="#mixamorig_Hips-Matrix-animation-transform" target="mixamorig_Hips/matrix"/>
    </animation>
    <animation id="mixamorig_Spine-anim" name="mixamorig_Spine">
      <source id="mixamorig_Spine-Matrix-animation-input">
        <float_array id="mixamorig_Spine-Matrix-animation-input-array" count="77">

0.000000 0.033333 0.066667 0.100000 0.133333 0.166667 0.200000 0.233333 0.266667 0.300000 0.333333 0.366667 0.400000 0.433333 0.466667 0.500000
0.533333 0.566667 0.600000 0.633333 0.666667 0.700000 0.733333 0.766667 0.800000 0.833333 0.866667 0.900000 0.933333 0.966667 1.000000 1.033333
1.066667 1.100000 1.133333 1.166667 1.200000 1.233333 1.266667 1.300000 1.333333 1.366667 1.400000 1.433333 1.466667 1.500000 1.533333 1.566667
1.600000 1.633333 1.666667 1.700000 1.733333 1.766667 1.800000 1.833333 1.866667 1.900000 1.933333 1.966667 2.000000 2.033333 2.066667 2.100000
2.133333 2.166667 2.200000 2.233333 2.266667 2.300000 2.333333 2.366667 2.400000 2.433333 2.466667 2.500000 2.533333</float_array>
        <technique_common>
          <accessor source="#mixamorig_Spine-Matrix-animation-input-array" count="77">
            <param name="TIME" type="float"/>
          </accessor>
        </technique_common>
      </source>
      <source id="mixamorig_Spine-Matrix-animation-output-transform">
        <float_array id="mixamorig_Spine-Matrix-animation-output-transform-array" count="1232">

0.999586 -0.004159 0.028464 0.000000 0.002290 0.997856 0.065409 9.933500 -0.028675 -0.065316 0.997453 -1.156000 0.000000 0.000000 0.000000 1.000000
0.999307 0.001070 0.037197 -0.000000 -0.003547 0.997775 0.066581 9.933500 -0.037043 -0.066666 0.997087 -1.156000 0.000000 0.000000 0.000000 1.000000
0.999004 0.007879 0.043918 0.000000 -0.010853 0.997632 0.067912 9.933500 -0.043279 -0.068321 0.996724 -1.156000 0.000000 0.000000 0.000000 1.000000
0.998770 0.013726 0.047642 0.000000 -0.017259 0.997067 0.074562 9.933500 -0.046479 -0.075292 0.996078 -1.156000 0.000000 0.000000 0.000000 1.000000
0.998621 0.015416 0.050190 0.000000 -0.019476 0.996488 0.081434 9.933500 -0.048758 -0.082299 0.995414 -1.156000 0.000000 0.000000 0.000000 1.000000
0.998595 0.014240 0.051041 0.000000 -0.018446 0.996386 0.082914 9.933500 -0.049676 -0.083739 0.995249 -1.156000 0.000000 0.000000 0.000000 1.000000
0.998715 0.013792 0.048757 0.000000 -0.017619 0.996723 0.078954 9.933500 -0.047508 -0.079711 0.995685 -1.156000 0.000000 0.000000 0.000000 1.000000
0.998890 0.015426 0.044499 -0.000000 -0.018623 0.997205 0.072360 9.933500 -0.043259 -0.073108 0.996385 -1.156000 0.000000 0.000000 0.000000 1.000000
0.998993 0.019439 0.040434 0.000000 -0.022027 0.997669 0.064582 9.933500 -0.039084 -0.065407 0.997093 -1.156000 0.000000 0.000000 0.000000 1.000000
0.998952 0.025411 0.038072 0.000000 -0.027556 0.997998 0.056935 9.933500 -0.036549 -0.057925 0.997652 -1.156000 0.000000 0.000000 0.000000 1.000000
0.998946 0.028147 0.036245 0.000000 -0.030102 0.998057 0.054559 9.933500 -0.034639 -0.055593 0.997852 -1.156000 0.000000 0.000000 0.000000 1.000000
0.999028 0.028725 0.033432 -0.000000 -0.030497 0.998089 0.053734 9.933500 -0.031825 -0.054701 0.997995 -1.156000 0.000000 0.000000 0.000000 1.000000
0.999448 0.021758 0.025111 0.000000 -0.023121 0.998202 0.055307 9.933500 -0.023862 -0.055858 0.998154 -1.156000 0.000000 0.000000 0.000000 1.000000
0.999802 0.012400 0.015587 0.000000 -0.013240 0.998399 0.054990 9.933500 -0.014880 -0.055186 0.998365 -1.156000 0.000000 0.000000 0.000000 1.000000
0.999966 0.002968 0.007680 0.000000 -0.003386 0.998486 0.054898 9.933500 -0.007505 -0.054922 0.998462 -1.156000 0.000000 0.000000 0.000000 1.000000
0.999967 -0.007945 0.001644 -0.000000 0.007835 0.998241 0.058766 9.933500 -0.002108 -0.058751 0.998270 -1.156000 0.000000 0.000000 0.000000 1.000000
0.999883 -0.015173 -0.001694 0.000000 0.015252 0.997730 0.065586 9.933500 0.000695 -0.065604 0.997845 -1.156000 0.000000 0.000000 0.000000 1.000000
0.999899 -0.014041 -0.002285 -0.000000 0.014166 0.997449 0.069960 9.933500 0.001297 -0.069985 0.997547 -1.156000 0.000000 0.000000 0.000000 1.000000
0.999967 -0.007788 -0.002385 0.000000 0.007933 0.997648 0.068089 9.933500 0.001849 -0.068106 0.997676 -1.156000 0.000000 0.000000 0.000000 1.000000
0.999989 -0.003430 -0.003300 0.000000 0.003630 0.998040 0.062478 9.933500 0.003079 -0.062489 0.998041 -1.156000 0.000000 0.000000 0.000000 1.000000
0.999987 -0.002944 -0.004094 -0.000000 0.003176 0.998320 0.057852 9.933500 0.003917 -0.057865 0.998317 -1.156000 0.000000 0.000000 0.000000 1.000000
0.999981 -0.005320 -0.003085 -0.000000 0.005484 0.998424 0.055851 9.933500 0.002783 -0.055867 0.998434 -1.156000 0.000000 0.000000 0.000000 1.000000
0.999971 -0.007349 -0.001906 0.000000 0.007442 0.998496 0.054319 9.933500 0.001503 -0.054332 0.998522 -1.156000 0.000000 0.000000 0.000000 1.000000
0.999961 -0.008691 0.001431 0.000000 0.008601 0.998507 0.053951 9.933500 -0.001898 -0.053937 0.998543 -1.156000 0.000000 0.000000 0.000000 1.000000
0.999933 -0.009658 0.006379 0.000000 0.009294 0.998449 0.054901 9.933500 -0.006899 -0.054838 0.998471 -1.156000 0.000000 0.000000 0.000000 1.000000
0.999806 -0.009520 0.017231 0.000000 0.008448 0.998087 0.061237 9.933500 -0.017781 -0.061080 0.997975 -1.156000 0.000000 0.000000 0.000000 1.000000
0.999583 -0.005649 0.028301 -0.000000 0.003755 0.997778 0.066517 9.933500 -0.028614 -0.066383 0.997384 -1.156000 0.000000 0.000000 0.000000 1.000000
0.999341 0.000588 0.036285 0.000000 -0.003133 0.997532 0.070144 9.933500 -0.036154 -0.070212 0.996877 -1.156000 0.000000 0.000000 0.000000 1.000000
0.999127 0.005248 0.041454 0.000000 -0.008369 0.997113 0.075472 9.933500 -0.040938 -0.075753 0.996286 -1.156000 0.000000 0.000000 0.000000 1.000000
0.998953 0.006108 0.045349 0.000000 -0.009836 0.996547 0.082444 9.933500 -0.044689 -0.082803 0.995563 -1.156000 0.000000 0.000000 0.000000 1.000000
0.998836 0.004223 0.048050 0.000000 -0.008426 0.996120 0.087599 9.933500 -0.047493 -0.087902 0.994996 -1.156000 0.000000 0.000000 0.000000 1.000000
0.998880 0.001188 0.047304 0.000000 -0.005354 0.996102 0.088044 9.933500 -0.047015 -0.088199 0.994993 -1.156000 0.000000 0.000000 0.000000 1.000000
0.999097 -0.000471 0.042495 0.000000 -0.003067 0.996532 0.083154 9.933500 -0.042386 -0.083209 0.995630 -1.156000 0.000000 0.000000 0.000000 1.000000
0.999288 0.001999 0.037667 0.000000 -0.004847 0.997122 0.075662 9.933500 -0.037407 -0.075791 0.996422 -1.156000 0.000000 0.000000 0.000000 1.000000
0.999367 0.008810 0.034467 -0.000000 -0.011177 0.997548 0.069091 9.933500 -0.033774 -0.069432 0.997015 -1.156000 0.000000 0.000000 0.000000 1.000000
0.999392 0.015509 0.031218 0.000000 -0.017464 0.997838 0.063354 9.933500 -0.030168 -0.063860 0.997503 -1.156000 0.000000 0.000000 0.000000 1.000000
0.999498 0.017398 0.026466 -0.000000 -0.018980 0.997974 0.060729 9.933500 -0.025356 -0.061201 0.997803 -1.156000 0.000000 0.000000 0.000000 1.000000
0.999726 0.015888 0.017173 0.000000 -0.016908 0.997993 0.061028 9.933500 -0.016169 -0.061301 0.997988 -1.156000 0.000000 0.000000 0.000000 1.000000
0.999930 0.010653 0.005098 0.000000 -0.010953 0.997948 0.063080 9.933500 -0.004415 -0.063131 0.997995 -1.156000 0.000000 0.000000 0.000000 1.000000
0.999984 0.002574 -0.004962 0.000000 -0.002239 0.997790 0.066415 9.933500 0.005122 -0.066403 0.997780 -1.156000 0.000000 0.000000 0.000000 1.000000
0.999906 -0.007064 -0.011741 0.000000 0.007892 0.997367 0.072088 9.933500 0.011201 -0.072174 0.997329 -1.156000 0.000000 0.000000 0.000000 1.000000
0.999733 -0.016197 -0.016493 0.000000 0.017454 0.996711 0.079137 9.933500 0.015156 -0.079404 0.996727 -1.156000 0.000000 0.000000 0.000000 1.000000
0.999666 -0.017372 -0.019145 -0.000000 0.018922 0.996286 0.084003 9.933500 0.017614 -0.084338 0.996282 -1.156000 0.000000 0.000000 0.000000 1.000000
0.999704 -0.012649 -0.020802 0.000000 0.014351 0.996378 0.083811 9.933500 0.019666 -0.084084 0.996265 -1.156000 0.000000 0.000000 0.000000 1.000000
0.999747 -0.007566 -0.021168 0.000000 0.009183 0.996963 0.077336 9.933500 0.020518 -0.077511 0.996780 -1.156000 0.000000 0.000000 0.000000 1.000000
0.999788 -0.007001 -0.019341 -0.000000 0.008288 0.997701 0.067267 9.933500 0.018825 -0.067413 0.997548 -1.156000 0.000000 0.000000 0.000000 1.000000
0.999805 -0.010896 -0.016448 0.000000 0.011869 0.998114 0.060234 9.933500 0.015761 -0.060417 0.998049 -1.156000 0.000000 0.000000 0.000000 1.000000
0.999783 -0.014851 -0.014596 0.000000 0.015686 0.998140 0.058907 9.933500 0.013694 -0.059123 0.998157 -1.156000 0.000000 0.000000 0.000000 1.000000
0.999792 -0.016436 -0.012089 0.000000 0.017129 0.998073 0.059637 9.933500 0.011086 -0.059831 0.998147 -1.156000 0.000000 0.000000 0.000000 1.000000
0.999857 -0.016189 -0.004973 0.000000 0.016461 0.998012 0.060832 9.933500 0.003978 -0.060906 0.998136 -1.156000 0.000000 0.000000 0.000000 1.000000
0.999871 -0.013992 0.007939 0.000000 0.013459 0.997882 0.063647 9.933500 -0.008813 -0.063532 0.997941 -1.156000 0.000000 0.000000 0.000000 1.000000
0.999672 -0.009463 0.023794 0.000000 0.007828 0.997665 0.067855 9.933500 -0.024380 -0.067646 0.997411 -1.156000 0.000000 0.000000 0.000000 1.000000
0.999391 -0.003538 0.034706 0.000000 0.000947 0.997229 0.074381 9.933500 -0.034873 -0.074303 0.996626 -1.156000 0.000000 0.000000 0.000000 1.000000
0.999046 0.001210 0.043650 0.000000 -0.004739 0.996716 0.080836 9.933500 -0.043409 -0.080966 0.995771 -1.156000 0.000000 0.000000 0.000000 1.000000
0.998724 0.002536 0.050443 0.000000 -0.006893 0.996238 0.086389 9.933500 -0.050034 -0.086626 0.994984 -1.156000 0.000000 0.000000 0.000000 1.000000
0.998471 0.001876 0.055254 0.000000 -0.006892 0.995851 0.090741 9.933500 -0.054855 -0.090983 0.994341 -1.156000 0.000000 0.000000 0.000000 1.000000
0.998458 -0.002197 0.055469 0.000000 -0.002844 0.995880 0.090635 9.933500 -0.055439 -0.090652 0.994338 -1.156000 0.000000 0.000000 0.000000 1.000000
0.998755 -0.005810 0.049554 -0.000000 0.001493 0.996232 0.086713 9.933500 -0.049871 -0.086531 0.995000 -1.156000 0.000000 0.000000 0.000000 1.000000
0.999173 -0.004185 0.040457 0.000000 0.000891 0.996706 0.081095 9.933500 -0.040663 -0.080992 0.995885 -1.156000 0.000000 0.000000 0.000000 1.000000
0.999542 0.001279 0.030244 0.000000 -0.003550 0.997164 0.075179 9.933500 -0.030062 -0.075252 0.996711 -1.156000 0.000000 0.000000 0.000000 1.000000
0.999683 0.004944 0.024675 0.000000 -0.006639 0.997589 0.069080 9.933500 -0.024274 -0.069221 0.997306 -1.156000 0.000000 0.000000 0.000000 1.000000
0.999692 0.006458 0.023954 0.000000 -0.008021 0.997803 0.065771 9.933500 -0.023476 -0.065943 0.997547 -1.156000 0.000000 0.000000 0.000000 1.000000
0.999846 0.004104 0.017044 0.000000 -0.005242 0.997722 0.067258 9.933500 -0.016729 -0.067337 0.997590 -1.156000 0.000000 0.000000 0.000000 1.000000
0.999959 0.000968 0.009007 0.000000 -0.001593 0.997572 0.069619 9.933500 -0.008918 -0.069630 0.997533 -1.156000 0.000000 0.000000 0.000000 1.000000
0.999992 -0.003614 0.001698 0.000000 0.003482 0.997379 0.072272 9.933500 -0.001955 -0.072266 0.997384 -1.156000 0.000000 0.000000 0.000000 1.000000
0.999906 -0.013168 -0.003738 -0.000000 0.013413 0.997055 0.075505 9.933500 0.002732 -0.075548 0.997138 -1.156000 0.000000 0.000000 0.000000 1.000000
0.999743 -0.021290 -0.007730 0.000000 0.021834 0.996646 0.078867 9.933500 0.006025 -0.079016 0.996855 -1.156000 0.000000 0.000000 0.000000 1.000000
0.999749 -0.019917 -0.010278 0.000000 0.020695 0.996410 0.082087 9.933500 0.008606 -0.082279 0.996572 -1.156000 0.000000 0.000000 0.000000 1.000000
0.999828 -0.014363 -0.011740 0.000000 0.015301 0.996339 0.084107 9.933500 0.010489 -0.084272 0.996388 -1.156000 0.000000 0.000000 0.000000 1.000000
0.999924 -0.004257 -0.011548 0.000000 0.005171 0.996755 0.080333 9.933500 0.011169 -0.080387 0.996701 -1.156000 0.000000 0.000000 0.000000 1.000000
0.999951 0.000285 -0.009896 0.000000 0.000457 0.997187 0.074959 9.933500 0.009890 -0.074959 0.997138 -1.156000 0.000000 0.000000 0.000000 1.000000
0.999983 -0.000794 -0.005853 0.000000 0.001195 0.997633 0.068749 9.933500 0.005785 -0.068755 0.997617 -1.156000 0.000000 0.000000 0.000000 1.000000
0.999989 -0.004461 -0.001134 0.000000 0.004523 0.997987 0.063250 9.933500 0.000850 -0.063254 0.997997 -1.156000 0.000000 0.000000 0.000000 1.000000
0.999961 -0.008528 0.002185 0.000000 0.008382 0.998162 0.060020 9.933500 -0.002693 -0.060000 0.998195 -1.156000 0.000000 0.000000 0.000000 1.000000
0.999923 -0.010811 0.006084 0.000000 0.010432 0.998189 0.059237 9.933500 -0.006714 -0.059169 0.998225 -1.156000 0.000000 0.000000 0.000000 1.000000
0.999862 -0.008699 0.014182 0.000000 0.007815 0.998093 0.061226 9.933500 -0.014687 -0.061106 0.998023 -1.156000 0.000000 0.000000 0.000000 1.000000
0.999717 -0.005829 0.023055 -0.000000 0.004350 0.997962 0.063668 9.933500 -0.023379 -0.063550 0.997705 -1.156000 0.000000 0.000000 0.000000 1.000000</float_array>
        <technique_common>
          <accessor source="#mixamorig_Spine-Matrix-animation-output-transform-array" count="77" stride="16">
            <param type="float4x4"/>
          </accessor>
        </technique_common>
      </source>
      <source id="mixamorig_Spine-Interpolations">
        <Name_array id="mixamorig_Spine-Interpolations-array" count="77">
 LINEAR LINEAR LINEAR LINEAR LINEAR LINEAR LINEAR LINEAR LINEAR LINEAR LINEAR
LINEAR LINEAR LINEAR LINEAR LINEAR LINEAR LINEAR LINEAR LINEAR LINEAR LINEAR LINEAR
LINEAR LINEAR LINEAR LINEAR LINEAR LINEAR LINEAR LINEAR LINEAR LINEAR LINEAR LINEAR
LINEAR LINEAR LINEAR LINEAR LINEAR LINEAR LINEAR LINEAR LINEAR LINEAR LINEAR LINEAR
LINEAR LINEAR LINEAR LINEAR LINEAR LINEAR LINEAR LINEAR LINEAR LINEAR LINEAR LINEAR
LINEAR LINEAR LINEAR LINEAR LINEAR LINEAR LINEAR LINEAR LINEAR LINEAR LINEAR LINEAR
LINEAR LINEAR LINEAR LINEAR LINEAR LINEAR</Name_array>
        <technique_common>
          <accessor source="#mixamorig_Spine-Interpolations-array" count="77">
            <param type="name"/>
          </accessor>
        </technique_common>
      </source>
      <sampler id="mixamorig_Spine-Matrix-animation-transform">
        <input semantic="INPUT" source="#mixamorig_Spine-Matrix-animation-input"/>
        <input semantic="OUTPUT" source="#mixamorig_Spine-Matrix-animation-output-transform"/>
        <input semantic="INTERPOLATION" source="#mixamorig_Spine-Interpolations"/>
      </sampler>
      <channel source="#mixamorig_Spine-Matrix-animation-transform" target="mixamorig_Spine/matrix"/>
    </animation>
    <animation id="mixamorig_Spine1-anim" name="mixamorig_Spine1">
      <source id="mixamorig_Spine1-Matrix-animation-input">
        <float_array id="mixamorig_Spine1-Matrix-animation-input-array" count="77">

0.000000 0.033333 0.066667 0.100000 0.133333 0.166667 0.200000 0.233333 0.266667 0.300000 0.333333 0.366667 0.400000 0.433333 0.466667 0.500000
0.533333 0.566667 0.600000 0.633333 0.666667 0.700000 0.733333 0.766667 0.800000 0.833333 0.866667 0.900000 0.933333 0.966667 1.000000 1.033333
1.066667 1.100000 1.133333 1.166667 1.200000 1.233333 1.266667 1.300000 1.333333 1.366667 1.400000 1.433333 1.466667 1.500000 1.533333 1.566667
1.600000 1.633333 1.666667 1.700000 1.733333 1.766667 1.800000 1.833333 1.866667 1.900000 1.933333 1.966667 2.000000 2.033333 2.066667 2.100000
2.133333 2.166667 2.200000 2.233333 2.266667 2.300000 2.333333 2.366667 2.400000 2.433333 2.466667 2.500000 2.533333</float_array>
        <technique_common>
          <accessor source="#mixamorig_Spine1-Matrix-animation-input-array" count="77">
            <param name="TIME" type="float"/>
          </accessor>
        </technique_common>
      </source>
      <source id="mixamorig_Spine1-Matrix-animation-output-transform">
        <float_array id="mixamorig_Spine1-Matrix-animation-output-transform-array" count="1232">

0.998345 -0.007363 0.057040 0.000000 0.013070 0.994867 -0.100340 11.667300 -0.056009 0.100920 0.993317 0.000000 0.000000 0.000000 0.000000 1.000000
0.997236 0.003358 0.074226 0.000000 0.003947 0.995175 -0.098041 11.667300 -0.074197 0.098063 0.992410 -0.000000 0.000000 0.000000 0.000000 1.000000
0.996057 0.016618 0.087146 0.000000 -0.008247 0.995390 -0.095550 11.667300 -0.088332 0.094454 0.991603 -0.000000 0.000000 0.000000 0.000000 1.000000
0.995161 0.027561 0.094310 0.000000 -0.019778 0.996396 -0.082487 11.667300 -0.096243 0.080223 0.992120 0.000000 0.000000 0.000000 0.000000 1.000000
0.994582 0.030762 0.099301 0.000000 -0.023975 0.997340 -0.068839 11.667300 -0.101154 0.066085 0.992673 -0.000000 0.000000 0.000000 0.000000 1.000000
0.994499 0.028376 0.100833 0.000000 -0.021791 0.997594 -0.065820 11.667300 -0.102458 0.063260 0.992724 0.000000 0.000000 0.000000 0.000000 1.000000
0.994974 0.028308 0.096049 0.000000 -0.021246 0.997049 -0.073769 11.667300 -0.097854 0.071358 0.992639 0.000000 0.000000 0.000000 0.000000 1.000000
0.995635 0.032684 0.087420 0.000000 -0.025046 0.995886 -0.087080 11.667300 -0.089906 0.084510 0.992358 0.000000 0.000000 0.000000 0.000000 1.000000
0.996022 0.040572 0.079334 0.000000 -0.032315 0.994185 -0.102727 11.667300 -0.083041 0.099755 0.991541 -0.000000 0.000000 0.000000 0.000000 1.000000
0.995798 0.052969 0.074705 0.000000 -0.043903 0.992023 -0.118167 11.667300 -0.080368 0.114391 0.990180 0.000000 0.000000 0.000000 0.000000 1.000000
0.995614 0.060183 0.071634 0.000000 -0.051055 0.991085 -0.123061 11.667300 -0.078402 0.118864 0.989810 0.000000 0.000000 0.000000 0.000000 1.000000
0.995765 0.063242 0.066732 0.000000 -0.054558 0.990684 -0.124770 11.667300 -0.074001 0.120601 0.989939 0.000000 0.000000 0.000000 0.000000 1.000000
0.997410 0.050723 0.050986 0.000000 -0.044225 0.991623 -0.121359 11.667300 -0.056714 0.118790 0.991298 0.000000 0.000000 0.000000 0.000000 1.000000
0.998962 0.032111 0.032309 0.000000 -0.027958 0.992179 -0.121649 11.667300 -0.035963 0.120619 0.992047 0.000000 0.000000 0.000000 0.000000 1.000000
0.999795 0.011942 0.016369 0.000000 -0.009864 0.992528 -0.121615 11.667300 -0.017699 0.121428 0.992442 0.000000 0.000000 0.000000 0.000000 1.000000
0.999925 -0.011406 0.004358 0.000000 0.011828 0.993428 -0.113843 11.667300 -0.003031 0.113886 0.993489 0.000000 0.000000 0.000000 0.000000 1.000000
0.999643 -0.026646 -0.002185 0.000000 0.026293 0.994613 -0.100272 11.667300 0.004845 0.100178 0.994958 0.000000 0.000000 0.000000 0.000000 1.000000
0.999678 -0.025130 -0.003379 0.000000 0.024715 0.995494 -0.091552 11.667300 0.005664 0.091439 0.995795 0.000000 0.000000 0.000000 0.000000 1.000000
0.999909 -0.012997 -0.003630 0.000000 0.012592 0.995371 -0.095278 11.667300 0.004851 0.095224 0.995444 0.000000 0.000000 0.000000 0.000000 1.000000
0.999974 -0.004661 -0.005491 0.000000 0.004050 0.994309 -0.106462 11.667300 0.005956 0.106437 0.994302 0.000000 0.000000 0.000000 0.000000 1.000000
0.999966 -0.003955 -0.007195 0.000000 0.003097 0.993283 -0.115671 11.667300 0.007605 0.115645 0.993262 0.000000 0.000000 0.000000 0.000000 1.000000
0.999946 -0.008824 -0.005549 0.000000 0.008097 0.992782 -0.119661 11.667300 0.006565 0.119610 0.992799 0.000000 0.000000 0.000000 0.000000 1.000000
0.999902 -0.013469 -0.003861 0.000000 0.012894 0.992358 -0.122715 11.667300 0.005484 0.122653 0.992434 0.000000 0.000000 0.000000 0.000000 1.000000
0.999848 -0.017309 0.002187 0.000000 0.017447 0.992199 -0.123436 11.667300 -0.000033 0.123456 0.992350 0.000000 0.000000 0.000000 0.000000 1.000000
0.999727 -0.020243 0.011646 0.000000 0.021509 0.992360 -0.121487 11.667300 -0.009098 0.121704 0.992525 0.000000 0.000000 0.000000 0.000000 1.000000
0.999232 -0.019787 0.033820 -0.000000 0.023358 0.993801 -0.108694 11.667300 -0.031460 0.109400 0.993500 0.000000 0.000000 0.000000 0.000000 1.000000
0.998345 -0.011467 0.056362 0.000000 0.016965 0.995037 -0.098053 11.667300 -0.054958 0.098846 0.993584 0.000000 0.000000 0.000000 0.000000 1.000000
0.997384 0.001249 0.072278 0.000000 0.005339 0.995847 -0.090884 11.667300 -0.072092 0.091032 0.993235 0.000000 0.000000 0.000000 0.000000 1.000000
0.996545 0.010214 0.082423 0.000000 -0.003572 0.996761 -0.080342 11.667300 -0.082976 0.079770 0.993354 0.000000 0.000000 0.000000 0.000000 1.000000
0.995851 0.011742 0.090243 0.000000 -0.005747 0.997776 -0.066401 11.667300 -0.090822 0.065607 0.993704 0.000000 0.000000 0.000000 0.000000 1.000000
0.995376 0.008730 0.095657 -0.000000 -0.003373 0.998423 -0.056028 11.667300 -0.095995 0.055447 0.993836 0.000000 0.000000 0.000000 0.000000 1.000000
0.995538 0.004198 0.094269 0.000000 0.001007 0.998480 -0.055108 11.667300 -0.094357 0.054957 0.994020 0.000000 0.000000 0.000000 0.000000 1.000000
0.996396 0.002105 0.084802 0.000000 0.003420 0.997883 -0.064949 11.667300 -0.084759 0.065005 0.994279 0.000000 0.000000 0.000000 0.000000 1.000000
0.997113 0.007783 0.075534 0.000000 -0.001713 0.996785 -0.080102 11.667300 -0.075914 0.079741 0.993921 0.000000 0.000000 0.000000 0.000000 1.000000
0.997326 0.021673 0.069797 -0.000000 -0.015091 0.995506 -0.093486 11.667300 -0.071509 0.092183 0.993171 0.000000 0.000000 0.000000 0.000000 1.000000
0.997328 0.035468 0.063873 0.000000 -0.028617 0.994045 -0.105148 11.667300 -0.067222 0.103039 0.992403 0.000000 0.000000 0.000000 0.000000 1.000000
0.997653 0.040885 0.054935 0.000000 -0.034623 0.993278 -0.110454 11.667300 -0.059082 0.108293 0.992362 0.000000 0.000000 0.000000 0.000000 1.000000
0.998563 0.039277 0.036463 0.000000 -0.035065 0.993342 -0.109735 11.667300 -0.040531 0.108299 0.993292 0.000000 0.000000 0.000000 0.000000 1.000000
0.999514 0.028789 0.011922 0.000000 -0.027375 0.994057 -0.105363 11.667300 -0.014884 0.104985 0.994362 0.000000 0.000000 0.000000 0.000000 1.000000
0.999902 0.010917 -0.008738 -0.000000 -0.011725 0.995064 -0.098544 11.667300 0.007619 0.098637 0.995094 0.000000 0.000000 0.000000 0.000000 1.000000
0.999686 -0.010656 -0.022673 0.000000 0.008639 0.996147 -0.087272 11.667300 0.023515 0.087048 0.995927 0.000000 0.000000 0.000000 0.000000 1.000000
0.999083 -0.028622 -0.031850 0.000000 0.026225 0.996965 -0.073297 11.667300 0.033851 0.072394 0.996801 0.000000 0.000000 0.000000 0.000000 1.000000
0.998763 -0.032767 -0.037390 -0.000000 0.030344 0.997511 -0.063648 11.667300 0.039382 0.062435 0.997272 0.000000 0.000000 0.000000 0.000000 1.000000
0.998884 -0.024023 -0.040653 -0.000000 0.021392 0.997722 -0.063972 11.667300 0.042097 0.063031 0.997123 -0.000000 0.000000 0.000000 0.000000 1.000000
0.999038 -0.014395 -0.041431 0.000000 0.011179 0.996981 -0.076838 11.667300 0.042412 0.076301 0.996182 0.000000 0.000000 0.000000 0.000000 1.000000
0.999195 -0.013461 -0.037785 0.000000 0.009742 0.995242 -0.096941 11.667300 0.038911 0.096494 0.994573 0.000000 0.000000 0.000000 0.000000 1.000000
0.999270 -0.020923 -0.031953 0.000000 0.017256 0.993669 -0.111016 11.667300 0.034074 0.110383 0.993305 0.000000 0.000000 0.000000 0.000000 1.000000
0.999194 -0.028461 -0.028299 0.000000 0.025070 0.993199 -0.113701 11.667300 0.031343 0.112900 0.993112 0.000000 0.000000 0.000000 0.000000 1.000000
0.999219 -0.031825 -0.023427 0.000000 0.029003 0.993256 -0.112259 11.667300 0.026841 0.111492 0.993403 -0.000000 0.000000 0.000000 0.000000 1.000000
0.999448 -0.031845 -0.009447 0.000000 0.030617 0.993480 -0.109814 11.667300 0.012883 0.109465 0.993907 -0.000000 0.000000 0.000000 0.000000 1.000000
0.999487 -0.027592 0.016255 0.000000 0.029136 0.994149 -0.104018 11.667300 -0.013290 0.104439 0.994443 0.000000 0.000000 0.000000 0.000000 1.000000
0.998686 -0.018468 0.047811 0.000000 0.022970 0.995174 -0.095398 11.667300 -0.045818 0.096371 0.994290 0.000000 0.000000 0.000000 0.000000 1.000000
0.997574 -0.006994 0.069263 -0.000000 0.012700 0.996528 -0.082288 11.667300 -0.068447 0.082968 0.994199 0.000000 0.000000 0.000000 0.000000 1.000000
0.996214 0.002034 0.086906 0.000000 0.004020 0.997579 -0.069425 11.667300 -0.086836 0.069512 0.993795 0.000000 0.000000 0.000000 0.000000 1.000000
0.994936 0.004558 0.100406 0.000000 0.001308 0.998299 -0.058280 11.667300 -0.100501 0.058116 0.993238 0.000000 0.000000 0.000000 0.000000 1.000000
0.993923 0.003381 0.110022 0.000000 0.002078 0.998774 -0.049461 11.667300 -0.110055 0.049389 0.992698 0.000000 0.000000 0.000000 0.000000 1.000000
0.993850 -0.003744 0.110668 -0.000000 0.009277 0.998730 -0.049522 11.667300 -0.110342 0.050244 0.992623 -0.000000 0.000000 0.000000 0.000000 1.000000
0.995025 -0.008984 0.099224 0.000000 0.014740 0.998240 -0.057438 11.667300 -0.098533 0.058615 0.993406 0.000000 0.000000 0.000000 0.000000 1.000000
0.996654 -0.004742 0.081603 -0.000000 0.010393 0.997565 -0.068966 11.667300 -0.081078 0.069583 0.994276 0.000000 0.000000 0.000000 0.000000 1.000000
0.998078 0.005698 0.061714 0.000000 -0.000677 0.996708 -0.081076 11.667300 -0.061973 0.080879 0.994795 -0.000000 0.000000 0.000000 0.000000 1.000000
0.998607 0.013170 0.051086 0.000000 -0.008353 0.995595 -0.093386 11.667300 -0.052091 0.092829 0.994319 0.000000 0.000000 0.000000 0.000000 1.000000
0.998582 0.017756 0.050193 0.000000 -0.012661 0.994900 -0.100072 11.667300 -0.051714 0.099294 0.993713 0.000000 0.000000 0.000000 0.000000 1.000000
0.999248 0.013627 0.036308 0.000000 -0.010046 0.995229 -0.097052 11.667300 -0.037457 0.096614 0.994617 0.000000 0.000000 0.000000 0.000000 1.000000
