<?xml version="1.0" encoding="utf-8"?>
<COLLADA xmlns="http://www.collada.org/2005/11/COLLADASchema" version="1.4.1">
  <asset>
    <contributor>
      <author>Mixamo</author>
      <authoring_tool>COLLADA Mixamo exporter</authoring_tool>
      <comments/>
    </contributor>
    <created>2024-07-28T12:46:28Z</created>
    <modified>2024-07-28T12:46:28Z</modified>
    <revision/>
    <title/>
    <unit meter="0.010000"/>
    <up_axis>Y_UP</up_axis>
  </asset>
  <library_animations>
    <animation id="mixamorig_Hips-anim" name="mixamorig_Hips">
      <source id="mixamorig_Hips-Matrix-animation-input">
        <float_array id="mixamorig_Hips-Matrix-animation-input-array" count="109">

0.000000 0.033333 0.066667 0.100000 0.133333 0.166667 0.200000 0.233333 0.266667 0.300000 0.333333 0.366667 0.400000 0.433333 0.466667 0.500000
0.533333 0.566667 0.600000 0.633333 0.666667 0.700000 0.733333 0.766667 0.800000 0.833333 0.866667 0.900000 0.933333 0.966667 1.000000 1.033333
1.066667 1.100000 1.133333 1.166667 1.200000 1.233333 1.266667 1.300000 1.333333 1.366667 1.400000 1.433333 1.466667 1.500000 1.533333 1.566667
1.600000 1.633333 1.666667 1.700000 1.733333 1.766667 1.800000 1.833333 1.866667 1.900000 1.933333 1.966667 2.000000 2.033333 2.066667 2.100000
2.133333 2.166667 2.200000 2.233333 2.266667 2.300000 2.333333 2.366667 2.400000 2.433333 2.466667 2.500000 2.533333 2.566667 2.600000 2.633333
2.666667 2.700000 2.733333 2.766667 2.800000 2.833333 2.866667 2.900000 2.933333 2.966667 3.000000 3.033333 3.066667 3.100000 3.133333 3.166667
3.200000 3.233333 3.266667 3.300000 3.333333 3.366667 3.400000 3.433333 3.466667 3.500000 3.533333 3.566667 3.600000</float_array>
        <technique_common>
          <accessor source="#mixamorig_Hips-Matrix-animation-input-array" count="109">
            <param name="TIME" type="float"/>
          </accessor>
        </technique_common>
      </source>
      <source id="mixamorig_Hips-Matrix-animation-output-transform">
        <float_array id="mixamorig_Hips-Matrix-animation-output-transform-array" count="1744">

0.420367 0.296599 0.857509 0.462479 0.290187 0.851483 -0.436770 78.113091 -0.859700 0.432442 0.271866 1.045166 0.000000 0.000000 0.000000 1.000000
0.413058 0.298711 0.860323 0.487736 0.291073 0.851826 -0.435511 78.064514 -0.862937 0.430308 0.264906 1.038200 0.000000 0.000000 0.000000 1.000000
0.403840 0.301501 0.863719 0.473322 0.292406 0.852064 -0.434150 77.851845 -0.866840 0.427884 0.255936 1.121969 0.000000 0.000000 0.000000 1.000000
0.394485 0.304371 0.867029 0.454994 0.293625 0.852329 -0.432805 77.619270 -0.870727 0.425316 0.246860 1.207600 0.000000 0.000000 0.000000 1.000000
0.384998 0.307271 0.870265 0.434154 0.294634 0.852688 -0.431409 77.378632 -0.874624 0.422502 0.237751 1.303409 0.000000 0.000000 0.000000 1.000000
0.375386 0.310147 0.873438 0.412203 0.295344 0.853206 -0.429896 77.141785 -0.878554 0.419342 0.228681 1.417712 0.000000 0.000000 0.000000 1.000000
0.365656 0.312941 0.876563 0.390545 0.295666 0.853946 -0.428203 76.920593 -0.882540 0.415745 0.219725 1.558824 0.000000 0.000000 0.000000 1.000000
0.354095 0.315224 0.880483 0.361470 0.294238 0.856120 -0.424832 76.808014 -0.887717 0.409502 0.210397 1.981934 0.000000 0.000000 0.000000 1.000000
0.341427 0.316770 0.884921 0.359740 0.290855 0.859676 -0.419953 76.832863 -0.893774 0.400767 0.201382 2.585442 0.000000 0.000000 0.000000 1.000000
0.327663 0.317195 0.889958 0.419202 0.285315 0.864761 -0.413261 77.027184 -0.900685 0.389328 0.192850 3.419977 0.000000 0.000000 0.000000 1.000000
0.314159 0.317137 0.894834 0.495845 0.278668 0.870232 -0.406252 77.273865 -0.907551 0.376989 0.185016 4.345240 0.000000 0.000000 0.000000 1.000000
0.302745 0.316508 0.898982 0.597208 0.269792 0.876205 -0.399345 77.612900 -0.914089 0.363438 0.179876 5.493116 0.000000 0.000000 0.000000 1.000000
0.296105 0.316036 0.901356 0.678965 0.256982 0.882519 -0.393853 77.972778 -0.919936 0.348254 0.180103 6.763250 0.000000 0.000000 0.000000 1.000000
0.295221 0.314668 0.902124 0.790167 0.240437 0.889353 -0.388897 78.335014 -0.924681 0.331715 0.186898 8.304808 0.000000 0.000000 0.000000 1.000000
0.301225 0.312709 0.900820 0.936887 0.217432 0.897286 -0.384189 78.678818 -0.928433 0.311594 0.202292 10.179004 0.000000 0.000000 0.000000 1.000000
0.307733 0.311336 0.899094 1.086842 0.191664 0.905296 -0.379084 79.012436 -0.931969 0.288981 0.218917 12.137005 0.000000 0.000000 0.000000 1.000000
0.314245 0.309511 0.897470 1.275713 0.166639 0.912699 -0.373110 79.364464 -0.934602 0.266802 0.235235 14.270037 0.000000 0.000000 0.000000 1.000000
0.321354 0.305971 0.896166 1.539177 0.145645 0.919132 -0.366039 79.763496 -0.935692 0.248151 0.250803 16.669325 0.000000 0.000000 0.000000 1.000000
0.328903 0.300408 0.895309 1.907439 0.128117 0.925096 -0.357468 80.222198 -0.935633 0.232277 0.265779 19.493824 0.000000 0.000000 0.000000 1.000000
0.337466 0.293411 0.894442 2.354573 0.112314 0.930845 -0.347727 80.723633 -0.934613 0.217804 0.281175 22.650002 0.000000 0.000000 0.000000 1.000000
0.349551 0.284997 0.892519 2.832065 0.099314 0.935975 -0.337768 81.252029 -0.931639 0.206707 0.298867 25.850361 0.000000 0.000000 0.000000 1.000000
0.367738 0.275209 0.888273 3.291399 0.089930 0.940203 -0.328529 81.791595 -0.925571 0.200695 0.320999 28.807400 0.000000 0.000000 0.000000 1.000000
0.398268 0.261939 0.879074 3.724382 0.087492 0.943142 -0.320668 82.340454 -0.913087 0.204624 0.352705 31.368994 0.000000 0.000000 0.000000 1.000000
0.438632 0.245233 0.864559 4.153834 0.091153 0.944944 -0.314281 82.918526 -0.894032 0.216661 0.392129 33.668392 0.000000 0.000000 0.000000 1.000000
0.478418 0.228775 0.847808 4.577761 0.095484 0.946190 -0.309204 83.542740 -0.872926 0.228881 0.430830 35.846138 0.000000 0.000000 0.000000 1.000000
0.514845 0.215311 0.829805 4.973394 0.106190 0.944475 -0.310950 84.403290 -0.850681 0.248208 0.463394 37.462494 0.000000 0.000000 0.000000 1.000000
0.560754 0.196554 0.804314 5.549001 0.109900 0.945151 -0.307591 85.245598 -0.820656 0.260878 0.508396 38.643559 0.000000 0.000000 0.000000 1.000000
0.607172 0.176891 0.774630 6.160343 0.110755 0.946545 -0.302962 86.082336 -0.786813 0.269744 0.555124 39.739140 0.000000 0.000000 0.000000 1.000000
0.654143 0.157125 0.739870 6.803532 0.108520 0.948568 -0.297392 86.884521 -0.748545 0.274827 0.603448 40.772926 0.000000 0.000000 0.000000 1.000000
0.710295 0.137153 0.690412 7.604658 0.095653 0.952929 -0.287711 87.504341 -0.697374 0.270400 0.663742 41.505604 0.000000 0.000000 0.000000 1.000000
0.767316 0.117381 0.630435 8.428700 0.077974 0.958732 -0.273411 88.044922 -0.636511 0.258951 0.726497 42.047184 0.000000 0.000000 0.000000 1.000000
0.823025 0.097664 0.559546 9.240715 0.057518 0.965713 -0.253158 88.502396 -0.565085 0.240540 0.789189 42.391052 0.000000 0.000000 0.000000 1.000000
0.874025 0.080315 0.479197 10.034406 0.037018 0.972370 -0.230490 88.864159 -0.484469 0.219193 0.846903 42.549438 0.000000 0.000000 0.000000 1.000000
0.916125 0.067035 0.395248 10.872445 0.020473 0.976811 -0.213122 89.172516 -0.400369 0.203339 0.893509 42.543163 0.000000 0.000000 0.000000 1.000000
0.950175 0.056033 0.306641 11.732601 0.005341 0.980640 -0.195746 89.477119 -0.311672 0.187631 0.931480 42.506054 0.000000 0.000000 0.000000 1.000000
0.976031 0.045263 0.212872 12.646059 -0.006571 0.983816 -0.179061 89.813278 -0.217532 0.173371 0.960532 42.483517 0.000000 0.000000 0.000000 1.000000
0.992830 0.035724 0.114071 13.533861 -0.016986 0.986777 -0.161189 90.133865 -0.118321 0.158096 0.980309 42.456104 0.000000 0.000000 0.000000 1.000000
0.999597 0.027988 0.004666 14.203259 -0.027080 0.990112 -0.137640 90.335968 -0.008472 0.137458 0.990471 42.406803 0.000000 0.000000 0.000000 1.000000
0.994527 0.024437 -0.101585 14.676604 -0.035935 0.992952 -0.112940 90.418526 0.098109 0.115973 0.988395 42.200768 0.000000 0.000000 0.000000 1.000000
0.980726 0.024239 -0.193879 15.041331 -0.042266 0.995099 -0.089393 90.433159 0.190762 0.095865 0.976944 41.811954 0.000000 0.000000 0.000000 1.000000
0.962633 0.025694 -0.269586 15.380518 -0.045702 0.996624 -0.068206 90.406059 0.266924 0.077978 0.960558 41.309120 0.000000 0.000000 0.000000 1.000000
0.944842 0.027062 -0.326405 15.706047 -0.046324 0.997604 -0.051386 90.344429 0.324232 0.063672 0.943832 40.769520 0.000000 0.000000 0.000000 1.000000
0.934567 0.026807 -0.354775 15.977755 -0.044573 0.998123 -0.041998 90.280876 0.352983 0.055064 0.934008 40.219120 0.000000 0.000000 0.000000 1.000000
0.938718 0.024436 -0.343820 16.153315 -0.041462 0.998246 -0.042254 90.278648 0.342185 0.053920 0.938084 39.668114 0.000000 0.000000 0.000000 1.000000
0.956375 0.020684 -0.291409 16.202278 -0.037488 0.997933 -0.052199 90.441864 0.289727 0.060846 0.955173 39.165821 0.000000 0.000000 0.000000 1.000000
0.978199 0.017304 -0.206947 16.113476 -0.032468 0.997011 -0.070107 90.731537 0.205115 0.075298 0.975837 38.782555 0.000000 0.000000 0.000000 1.000000
0.994170 0.017692 -0.106363 15.906039 -0.027612 0.995327 -0.092531 91.029213 0.104229 0.094929 0.990013 38.597000 0.000000 0.000000 0.000000 1.000000
0.999672 0.025121 -0.004965 15.623096 -0.025524 0.993097 -0.114482 91.246140 0.002055 0.114571 0.993413 38.688198 0.000000 0.000000 0.000000 1.000000
0.995443 0.040229 0.086459 15.310052 -0.028601 0.990870 -0.131748 91.366295 -0.090970 0.128675 0.987506 39.087925 0.000000 0.000000 0.000000 1.000000
0.984811 0.059832 0.162995 14.986459 -0.036496 0.989111 -0.142573 91.434128 -0.169751 0.134459 0.976271 39.756298 0.000000 0.000000 0.000000 1.000000
0.970192 0.078280 0.229348 14.602818 -0.045061 0.988161 -0.146657 91.518166 -0.238113 0.131951 0.962232 40.635517 0.000000 0.000000 0.000000 1.000000
0.950459 0.095388 0.295852 14.165113 -0.052393 0.987296 -0.150003 91.613083 -0.306402 0.127071 0.943383 41.586594 0.000000 0.000000 0.000000 1.000000
0.920324 0.108836 0.375710 13.517139 -0.054456 0.986807 -0.152465 91.746208 -0.387347 0.119857 0.914110 42.686115 0.000000 0.000000 0.000000 1.000000
0.875289 0.121423 0.468108 12.638787 -0.053201 0.986268 -0.156351 91.841919 -0.480665 0.111948 0.869729 43.903599 0.000000 0.000000 0.000000 1.000000
0.817715 0.133414 0.559949 11.570639 -0.050817 0.985703 -0.160645 91.873093 -0.573376 0.102907 0.812804 45.207230 0.000000 0.000000 0.000000 1.000000
0.769828 0.136734 0.623433 10.547868 -0.044334 0.985879 -0.161483 91.997505 -0.636709 0.096675 0.765020 46.461433 0.000000 0.000000 0.000000 1.000000
0.721170 0.138071 0.678860 9.537455 -0.037364 0.986263 -0.160900 92.142715 -0.691750 0.090671 0.716422 47.703354 0.000000 0.000000 0.000000 1.000000
0.672922 0.137548 0.726813 8.588622 -0.029735 0.986795 -0.159219 92.341080 -0.739116 0.085530 0.668126 48.897053 0.000000 0.000000 0.000000 1.000000
0.644256 0.129925 0.753693 7.964098 -0.017479 0.987709 -0.155325 92.815964 -0.764610 0.086895 0.638609 49.837658 0.000000 0.000000 0.000000 1.000000
0.617932 0.121960 0.776715 7.560045 -0.007186 0.988731 -0.149534 93.484398 -0.786199 0.086820 0.611845 50.603802 0.000000 0.000000 0.000000 1.000000
0.594074 0.112357 0.796525 7.439394 -0.000131 0.990211 -0.139581 94.286522 -0.804410 0.082817 0.588273 51.091240 0.000000 0.000000 0.000000 1.000000
0.571095 0.102383 0.814474 7.424264 0.005182 0.991722 -0.128297 95.082527 -0.820868 0.077491 0.565837 51.453289 0.000000 0.000000 0.000000 1.000000
0.551730 0.092886 0.828834 7.653332 0.006558 0.993265 -0.115679 95.714226 -0.833997 0.069259 0.547405 51.467083 0.000000 0.000000 0.000000 1.000000
0.523161 0.092378 0.847213 8.105287 -0.002864 0.994293 -0.106646 96.052269 -0.852229 0.053367 0.520440 50.965233 0.000000 0.000000 0.000000 1.000000
0.492355 0.092140 0.865504 8.586761 -0.012725 0.995037 -0.098691 96.353241 -0.870301 0.037577 0.491084 50.399799 0.000000 0.000000 0.000000 1.000000
0.460635 0.091547 0.882856 9.085741 -0.021621 0.995529 -0.091950 96.626350 -0.887326 0.023267 0.460555 49.781422 0.000000 0.000000 0.000000 1.000000
0.429519 0.090210 0.898541 9.590214 -0.028543 0.995857 -0.086336 96.880844 -0.902606 0.011436 0.430315 49.120716 0.000000 0.000000 0.000000 1.000000
0.405868 0.090826 0.909407 10.169403 -0.031517 0.995849 -0.085393 96.955551 -0.913388 0.005996 0.407046 48.075485 0.000000 0.000000 0.000000 1.000000
0.389342 0.092778 0.916409 10.761331 -0.034422 0.995685 -0.086179 96.967987 -0.920450 0.002008 0.390856 46.824352 0.000000 0.000000 0.000000 1.000000
0.377723 0.095909 0.920938 11.311154 -0.037778 0.995389 -0.088168 96.910072 -0.925147 -0.001488 0.379605 45.395897 0.000000 0.000000 0.000000 1.000000
0.371299 0.099879 0.923126 11.744960 -0.039715 0.994996 -0.091681 96.762672 -0.927664 -0.002621 0.373408 43.887421 0.000000 0.000000 0.000000 1.000000
0.376799 0.104873 0.920339 11.961767 -0.039138 0.994485 -0.097299 96.552261 -0.925468 0.000642 0.378826 42.434261 0.000000 0.000000 0.000000 1.000000
0.387897 0.110127 0.915100 12.083064 -0.037135 0.993898 -0.103869 96.318344 -0.920954 0.006308 0.389620 41.039452 0.000000 0.000000 0.000000 1.000000
0.414909 0.115516 0.902500 11.943803 -0.030070 0.993107 -0.113289 96.029968 -0.909366 0.019866 0.415522 39.881088 0.000000 0.000000 0.000000 1.000000
0.447435 0.119921 0.886240 11.546118 -0.017281 0.991943 -0.125499 95.705452 -0.894149 0.040837 0.445903 38.907131 0.000000 0.000000 0.000000 1.000000
0.473918 0.123505 0.871865 10.889345 -0.000811 0.990176 -0.139824 95.368439 -0.880569 0.065558 0.469363 38.131554 0.000000 0.000000 0.000000 1.000000
0.482464 0.131151 0.866042 10.080431 0.008264 0.988001 -0.154223 95.047874 -0.875877 0.081564 0.475591 37.519608 0.000000 0.000000 0.000000 1.000000
0.473448 0.139620 0.869686 9.214067 0.013729 0.986067 -0.165778 94.760651 -0.880715 0.090428 0.464934 37.054821 0.000000 0.000000 0.000000 1.000000
0.453867 0.145861 0.879050 8.351973 0.018990 0.984704 -0.173197 94.501724 -0.890867 0.095301 0.444155 36.647636 0.000000 0.000000 0.000000 1.000000
0.431591 0.150327 0.889455 7.537206 0.023996 0.983755 -0.177908 94.240616 -0.901750 0.098127 0.420973 36.142715 0.000000 0.000000 0.000000 1.000000
0.412985 0.153897 0.897641 6.797344 0.027504 0.983062 -0.181196 93.926636 -0.910322 0.099520 0.401757 35.388702 0.000000 0.000000 0.000000 1.000000
0.400181 0.156662 0.902947 6.133588 0.028196 0.982709 -0.182997 93.559349 -0.916002 0.098692 0.388844 34.313824 0.000000 0.000000 0.000000 1.000000
0.390285 0.159266 0.906814 5.545043 0.027824 0.982434 -0.184523 93.183296 -0.920274 0.097248 0.378998 32.888233 0.000000 0.000000 0.000000 1.000000
0.379738 0.163551 0.910522 5.050300 0.030083 0.981544 -0.188854 92.815460 -0.924605 0.099106 0.367810 31.081825 0.000000 0.000000 0.000000 1.000000
0.370561 0.170458 0.913032 4.635323 0.036535 0.979579 -0.197710 92.386169 -0.928089 0.106622 0.356767 28.896803 0.000000 0.000000 0.000000 1.000000
0.371896 0.178683 0.910915 4.209577 0.046268 0.976511 -0.210440 91.906494 -0.927121 0.120408 0.354893 26.486002 0.000000 0.000000 0.000000 1.000000
0.376834 0.187098 0.907188 3.771408 0.056930 0.972858 -0.224289 91.413521 -0.924530 0.136166 0.355955 24.035471 0.000000 0.000000 0.000000 1.000000
0.390226 0.195387 0.899749 3.281898 0.068254 0.968396 -0.239896 90.904472 -0.918186 0.155025 0.364558 21.612082 0.000000 0.000000 0.000000 1.000000
0.404619 0.200622 0.892207 2.842566 0.084147 0.963332 -0.254777 90.301170 -0.910606 0.178164 0.372901 19.226343 0.000000 0.000000 0.000000 1.000000
0.415118 0.198512 0.887845 2.511880 0.110495 0.957678 -0.265789 89.535614 -0.903032 0.208437 0.375615 16.928432 0.000000 0.000000 0.000000 1.000000
0.423074 0.195281 0.884801 2.299366 0.131284 0.952984 -0.273104 88.594513 -0.896534 0.231703 0.377546 14.723783 0.000000 0.000000 0.000000 1.000000
0.425140 0.195302 0.883806 2.131575 0.144087 0.949389 -0.279105 87.580772 -0.893586 0.246004 0.375482 12.696209 0.000000 0.000000 0.000000 1.000000
0.420286 0.198269 0.885465 1.946344 0.154088 0.946068 -0.284977 86.618195 -0.894213 0.256212 0.367069 10.916406 0.000000 0.000000 0.000000 1.000000
0.413212 0.201205 0.888129 1.728825 0.163971 0.942905 -0.289904 85.710648 -0.895751 0.265419 0.356628 9.382881 0.000000 0.000000 0.000000 1.000000
0.408937 0.202505 0.889810 1.493795 0.172555 0.940318 -0.293302 84.808853 -0.896100 0.273483 0.349588 8.060958 0.000000 0.000000 0.000000 1.000000
0.407846 0.202813 0.890241 1.264606 0.179822 0.938079 -0.296093 83.945267 -0.895168 0.280845 0.346122 6.911612 0.000000 0.000000 0.000000 1.000000
0.406794 0.203448 0.890577 1.055764 0.187962 0.935385 -0.299541 83.183220 -0.893974 0.289247 0.342268 5.903940 0.000000 0.000000 0.000000 1.000000
0.403980 0.206386 0.891182 0.858629 0.196279 0.931970 -0.304807 82.530449 -0.893462 0.298056 0.335988 5.028450 0.000000 0.000000 0.000000 1.000000
0.400850 0.212562 0.891143 0.659341 0.202355 0.928145 -0.312410 81.939095 -0.893516 0.305557 0.329034 4.286234 0.000000 0.000000 0.000000 1.000000
0.399024 0.219755 0.890218 0.465810 0.207208 0.924133 -0.321004 81.371674 -0.893221 0.312549 0.323216 3.658227 0.000000 0.000000 0.000000 1.000000
0.397769 0.225314 0.889389 0.296208 0.213662 0.919977 -0.328621 80.820465 -0.892260 0.320744 0.317797 3.108883 0.000000 0.000000 0.000000 1.000000
0.395777 0.229195 0.889286 0.153926 0.222087 0.915726 -0.334849 80.297066 -0.891088 0.330025 0.311522 2.617445 0.000000 0.000000 0.000000 1.000000
0.393785 0.232730 0.889252 0.033216 0.230745 0.911413 -0.340710 79.817429 -0.889769 0.339357 0.305200 2.191032 0.000000 0.000000 0.000000 1.000000
0.393606 0.236781 0.888262 -0.061232 0.238369 0.906921 -0.347381 79.391609 -0.887837 0.348466 0.300529 1.845845 0.000000 0.000000 0.000000 1.000000
0.395264 0.241487 0.886257 -0.111867 0.245046 0.902139 -0.355103 79.028946 -0.885279 0.357533 0.297407 1.587036 0.000000 0.000000 0.000000 1.000000
0.395949 0.246697 0.884514 -0.094437 0.251533 0.897258 -0.362849 78.753128 -0.883151 0.366154 0.293215 1.520402 0.000000 0.000000 0.000000 1.000000
0.396008 0.251927 0.883012 -0.056347 0.258003 0.892362 -0.370303 78.507484 -0.881256 0.374463 0.288384 1.488868 0.000000 0.000000 0.000000 1.000000
0.394210 0.256760 0.882425 0.016980 0.264456 0.887874 -0.376487 78.325844 -0.880149 0.381777 0.282107 1.440657 0.000000 0.000000 0.000000 1.000000
0.393004 0.261364 0.881610 0.096586 0.269797 0.883784 -0.382278 78.172615 -0.879067 0.388092 0.276815 1.388042 0.000000 0.000000 0.000000 1.000000</float_array>
        <technique_common>
          <accessor source="#mixamorig_Hips-Matrix-animation-output-transform-array" count="109" stride="16">
            <param type="float4x4"/>
          </accessor>
        </technique_common>
      </source>
      <source id="mixamorig_Hips-Interpolations">
        <Name_array id="mixamorig_Hips-Interpolations-array" count="109">
 LINEAR LINEAR LINEAR LINEAR LINEAR LINEAR LINEAR LINEAR LINEAR LINEAR LINEAR
LINEAR LINEAR LINEAR LINEAR LINEAR LINEAR LINEAR LINEAR LINEAR LINEAR LINEAR LINEAR
LINEAR LINEAR LINEAR LINEAR LINEAR LINEAR LINEAR LINEAR LINEAR LINEAR LINEAR LINEAR
LINEAR LINEAR LINEAR LINEAR LINEAR LINEAR LINEAR LINEAR LINEAR LINEAR LINEAR LINEAR
LINEAR LINEAR LINEAR LINEAR LINEAR LINEAR LINEAR LINEAR LINEAR LINEAR LINEAR LINEAR
LINEAR LINEAR LINEAR LINEAR LINEAR LINEAR LINEAR LINEAR LINEAR LINEAR LINEAR LINEAR
LINEAR LINEAR LINEAR LINEAR LINEAR LINEAR LINEAR LINEAR LINEAR LINEAR LINEAR LINEAR
LINEAR LINEAR LINEAR LINEAR LINEAR LINEAR LINEAR LINEAR LINEAR LINEAR LINEAR LINEAR
LINEAR LINEAR LINEAR LINEAR LINEAR LINEAR LINEAR LINEAR LINEAR LINEAR LINEAR LINEAR
LINEAR LINEAR</Name_array>
        <technique_common>
          <accessor source="#mixamorig_Hips-Interpolations-array" count="109">
            <param type="name"/>
          </accessor>
        </technique_common>
      </source>
      <sampler id="mixamorig_Hips-Matrix-animation-transform">
        <input semantic="INPUT" source="#mixamorig_Hips-Matrix-animation-input"/>
        <input semantic="OUTPUT" source="#mixamorig_Hips-Matrix-animation-output-transform"/>
        <input semantic="INTERPOLATION" source="#mixamorig_Hips-Interpolations"/>
      </sampler>
      <channel source="#mixamorig_Hips-Matrix-animation-transform" target="mixamorig_Hips/matrix"/>
    </animation>
    <animation id="mixamorig_Spine-anim" name="mixamorig_Spine">
      <source id="mixamorig_Spine-Matrix-animation-input">
        <float_array id="mixamorig_Spine-Matrix-animation-input-array" count="109">

0.000000 0.033333 0.066667 0.100000 0.133333 0.166667 0.200000 0.233333 0.266667 0.300000 0.333333 0.366667 0.400000 0.433333 0.466667 0.500000
0.533333 0.566667 0.600000 0.633333 0.666667 0.700000 0.733333 0.766667 0.800000 0.833333 0.866667 0.900000 0.933333 0.966667 1.000000 1.033333
1.066667 1.100000 1.133333 1.166667 1.200000 1.233333 1.266667 1.300000 1.333333 1.366667 1.400000 1.433333 1.466667 1.500000 1.533333 1.566667
1.600000 1.633333 1.666667 1.700000 1.733333 1.766667 1.800000 1.833333 1.866667 1.900000 1.933333 1.966667 2.000000 2.033333 2.066667 2.100000
2.133333 2.166667 2.200000 2.233333 2.266667 2.300000 2.333333 2.366667 2.400000 2.433333 2.466667 2.500000 2.533333 2.566667 2.600000 2.633333
2.666667 2.700000 2.733333 2.766667 2.800000 2.833333 2.866667 2.900000 2.933333 2.966667 3.000000 3.033333 3.066667 3.100000 3.133333 3.166667
3.200000 3.233333 3.266667 3.300000 3.333333 3.366667 3.400000 3.433333 3.466667 3.500000 3.533333 3.566667 3.600000</float_array>
        <technique_common>
          <accessor source="#mixamorig_Spine-Matrix-animation-input-array" count="109">
            <param name="TIME" type="float"/>
          </accessor>
        </technique_common>
      </source>
      <source id="mixamorig_Spine-Matrix-animation-output-transform">
        <float_array id="mixamorig_Spine-Matrix-animation-output-transform-array" count="1744">

0.982547 0.146343 -0.114831 0.000000 -0.164438 0.971908 -0.168388 9.933500 0.086962 0.184332 0.979009 -1.156000 0.000000 0.000000 0.000000 1.000000
0.982534 0.146608 -0.114602 0.000000 -0.164720 0.971738 -0.169091 9.933500 0.086573 0.185015 0.978915 -1.156000 0.000000 0.000000 0.000000 1.000000
0.982529 0.147002 -0.114133 -0.000000 -0.165093 0.971535 -0.169897 9.933500 0.085909 0.185771 0.978830 -1.156000 0.000000 0.000000 0.000000 1.000000
0.982523 0.147402 -0.113670 0.000000 -0.165472 0.971328 -0.170709 9.933500 0.085248 0.186535 0.978743 -1.156000 0.000000 0.000000 0.000000 1.000000
0.982518 0.147816 -0.113175 0.000000 -0.165859 0.971117 -0.171531 9.933500 0.084551 0.187303 0.978657 -1.156000 0.000000 0.000000 0.000000 1.000000
0.982517 0.148252 -0.112610 0.000000 -0.166254 0.970902 -0.172362 9.933500 0.083780 0.188071 0.978576 -1.156000 0.000000 0.000000 0.000000 1.000000
0.982524 0.148719 -0.111938 0.000000 -0.166660 0.970683 -0.173205 9.933500 0.082897 0.188833 0.978504 -1.156000 0.000000 0.000000 0.000000 1.000000
0.982604 0.149514 -0.110162 0.000000 -0.167187 0.970417 -0.174182 9.933500 0.080860 0.189569 0.978532 -1.156000 0.000000 0.000000 0.000000 1.000000
0.982807 0.149448 -0.108423 -0.000000 -0.166836 0.970376 -0.174748 9.933500 0.079095 0.189832 0.978625 -1.156000 0.000000 0.000000 0.000000 1.000000
0.983388 0.147436 -0.105884 -0.000000 -0.164335 0.970867 -0.174389 9.933500 0.077088 0.188892 0.978967 -1.156000 0.000000 0.000000 0.000000 1.000000
0.984120 0.144725 -0.102775 0.000000 -0.161014 0.971552 -0.173667 9.933500 0.074718 0.187458 0.979427 -1.156000 0.000000 0.000000 0.000000 1.000000
0.985259 0.140485 -0.097615 0.000000 -0.155743 0.972692 -0.172089 9.933500 0.070774 0.184755 0.980233 -1.156000 0.000000 0.000000 0.000000 1.000000
0.986753 0.134878 -0.090151 0.000000 -0.148677 0.974194 -0.169828 9.933500 0.064918 0.180981 0.981342 -1.156000 0.000000 0.000000 0.000000 1.000000
0.988548 0.127378 -0.080917 0.000000 -0.139463 0.975968 -0.167443 9.933500 0.057643 0.176810 0.982555 -1.156000 0.000000 0.000000 0.000000 1.000000
0.990723 0.117036 -0.069075 0.000000 -0.127062 0.978019 -0.165330 9.933500 0.048207 0.172573 0.983816 -1.156000 0.000000 0.000000 0.000000 1.000000
0.992822 0.105584 -0.056178 0.000000 -0.113457 0.980059 -0.163130 9.933500 0.037834 0.168332 0.985004 -1.156000 0.000000 0.000000 0.000000 1.000000
0.994634 0.093796 -0.043663 0.000000 -0.099645 0.982025 -0.160305 9.933500 0.027842 0.163796 0.986101 -1.156000 0.000000 0.000000 0.000000 1.000000
0.996048 0.082463 -0.032983 -0.000000 -0.086636 0.983881 -0.156435 9.933500 0.019551 0.158675 0.987137 -1.156000 0.000000 0.000000 0.000000 1.000000
0.997155 0.071176 -0.024802 0.000000 -0.074117 0.985751 -0.151004 9.933500 0.013701 0.152412 0.988222 -1.156000 0.000000 0.000000 0.000000 1.000000
0.998046 0.059733 -0.018318 0.000000 -0.061759 0.987578 -0.144484 9.933500 0.009460 0.145333 0.989338 -1.156000 0.000000 0.000000 0.000000 1.000000
0.998704 0.049268 -0.012734 0.000000 -0.050556 0.989141 -0.138000 9.933500 0.005797 0.138465 0.990350 -1.156000 0.000000 0.000000 0.000000 1.000000
0.999137 0.040914 -0.007176 0.000000 -0.041505 0.990294 -0.132650 9.933500 0.001679 0.132834 0.991137 -1.156000 0.000000 0.000000 0.000000 1.000000
0.999335 0.036435 -0.001346 0.000000 -0.036302 0.990908 -0.129549 9.933500 -0.003386 0.129512 0.991572 -1.156000 0.000000 0.000000 0.000000 1.000000
0.999373 0.035173 0.004182 -0.000000 -0.034349 0.991181 -0.127988 9.933500 -0.008646 0.127764 0.991767 -1.156000 0.000000 0.000000 0.000000 1.000000
0.999361 0.034605 0.008977 0.000000 -0.033197 0.991439 -0.126280 9.933500 -0.013270 0.125901 0.991954 -1.156000 0.000000 0.000000 0.000000 1.000000
0.999275 0.036748 0.009986 0.000000 -0.035238 0.991735 -0.123369 9.933500 -0.014437 0.122927 0.992311 -1.156000 0.000000 0.000000 0.000000 1.000000
0.999278 0.037223 0.007648 0.000000 -0.036028 0.992020 -0.120820 9.933500 -0.012084 0.120457 0.992645 -1.156000 0.000000 0.000000 0.000000 1.000000
0.999291 0.037365 0.004572 0.000000 -0.036562 0.992304 -0.118301 9.933500 -0.008957 0.118050 0.992967 -1.156000 0.000000 0.000000 0.000000 1.000000
0.999315 0.036993 -0.000279 0.000000 -0.036779 0.992655 -0.115257 9.933500 -0.003987 0.115188 0.993336 -1.156000 0.000000 0.000000 0.000000 1.000000
0.999318 0.034011 -0.014367 -0.000000 -0.035381 0.993364 -0.109432 9.933500 0.010550 0.109866 0.993890 -1.156000 0.000000 0.000000 0.000000 1.000000
0.998963 0.029823 -0.034411 0.000000 -0.033222 0.994142 -0.102849 9.933500 0.031142 0.103885 0.994102 -1.156000 0.000000 0.000000 0.000000 1.000000
0.997865 0.025792 -0.059995 0.000000 -0.031573 0.994735 -0.097493 9.933500 0.057164 0.099179 0.993426 -1.156000 0.000000 0.000000 0.000000 1.000000
0.995580 0.022730 -0.091128 0.000000 -0.031284 0.995121 -0.093571 9.933500 0.088556 0.096008 0.991433 -1.156000 0.000000 0.000000 0.000000 1.000000
0.991618 0.017610 -0.128000 0.000000 -0.029115 0.995643 -0.088580 9.933500 0.125882 0.091564 0.987811 -1.156000 0.000000 0.000000 0.000000 1.000000
0.986227 0.011270 -0.165015 0.000000 -0.025197 0.996269 -0.082546 9.933500 0.163469 0.085567 0.982831 -1.156000 0.000000 0.000000 0.000000 1.000000
0.979792 0.002270 -0.200004 0.000000 -0.017482 0.997081 -0.074325 9.933500 0.199252 0.076320 0.976972 -1.156000 0.000000 0.000000 0.000000 1.000000
0.972491 -0.006527 -0.232851 -0.000000 -0.009118 0.997775 -0.066051 9.933500 0.232764 0.066357 0.970267 -1.156000 0.000000 0.000000 0.000000 1.000000
0.965989 -0.011235 -0.258338 0.000000 -0.004421 0.998192 -0.059942 9.933500 0.258544 0.059046 0.964193 -1.156000 0.000000 0.000000 0.000000 1.000000
0.960352 -0.015028 -0.278386 0.000000 -0.000954 0.998363 -0.057186 9.933500 0.278789 0.055184 0.958766 -1.156000 0.000000 0.000000 0.000000 1.000000
0.955663 -0.018867 -0.293857 -0.000000 0.001945 0.998328 -0.057773 9.933500 0.294455 0.054640 0.954102 -1.156000 0.000000 0.000000 0.000000 1.000000
0.952304 -0.022281 -0.304335 0.000000 0.004091 0.998173 -0.060275 9.933500 0.305122 0.056155 0.950656 -1.156000 0.000000 0.000000 0.000000 1.000000
0.951141 -0.024062 -0.307817 0.000000 0.005013 0.998031 -0.062526 9.933500 0.308715 0.057928 0.949389 -1.156000 0.000000 0.000000 0.000000 1.000000
0.952619 -0.023198 -0.303279 0.000000 0.004233 0.998002 -0.063040 9.933500 0.304135 0.058769 0.950814 -1.156000 0.000000 0.000000 0.000000 1.000000
0.956171 -0.019741 -0.292142 0.000000 0.001761 0.998094 -0.061682 9.933500 0.292803 0.058464 0.954384 -1.156000 0.000000 0.000000 0.000000 1.000000
0.960898 -0.014424 -0.276528 0.000000 -0.001922 0.998271 -0.058750 9.933500 0.276897 0.056984 0.959208 -1.156000 0.000000 0.000000 0.000000 1.000000
0.966351 -0.007895 -0.257105 0.000000 -0.006320 0.998498 -0.054418 9.933500 0.257148 0.054212 0.964850 -1.156000 0.000000 0.000000 0.000000 1.000000
0.972511 -0.001815 -0.232850 0.000000 -0.010159 0.998687 -0.050213 9.933500 0.232635 0.051198 0.971216 -1.156000 0.000000 0.000000 0.000000 1.000000
0.979240 0.001447 -0.202698 0.000000 -0.011627 0.998729 -0.049042 9.933500 0.202369 0.050381 0.978012 -1.156000 0.000000 0.000000 0.000000 1.000000
0.985896 0.000810 -0.167357 0.000000 -0.009675 0.998592 -0.052163 9.933500 0.167079 0.053046 0.984515 -1.156000 0.000000 0.000000 0.000000 1.000000
0.991752 -0.001985 -0.128154 -0.000000 -0.005453 0.998321 -0.057659 9.933500 0.128053 0.057883 0.990077 -1.156000 0.000000 0.000000 0.000000 1.000000
0.996307 -0.005051 -0.085711 0.000000 -0.000380 0.997999 -0.063228 9.933500 0.085859 0.063027 0.994312 -1.156000 0.000000 0.000000 0.000000 1.000000
0.999002 -0.007504 -0.044020 0.000000 0.004483 0.997654 -0.068315 9.933500 0.044429 0.068049 0.996692 -1.156000 0.000000 0.000000 0.000000 1.000000
0.999919 -0.007951 -0.009957 -0.000000 0.007202 0.997292 -0.073186 9.933500 0.010512 0.073109 0.997269 -1.156000 0.000000 0.000000 0.000000 1.000000
0.999926 -0.006292 0.010366 0.000000 0.007083 0.996914 -0.078186 9.933500 -0.009842 0.078254 0.996885 -1.156000 0.000000 0.000000 0.000000 1.000000
0.999851 -0.004242 0.016727 0.000000 0.005632 0.996456 -0.083927 9.933500 -0.016312 0.084009 0.996331 -1.156000 0.000000 0.000000 0.000000 1.000000
0.999949 -0.003589 0.009460 0.000000 0.004439 0.995801 -0.091440 9.933500 -0.009092 0.091477 0.995766 -1.156000 0.000000 0.000000 0.000000 1.000000
0.999994 -0.003343 -0.000359 0.000000 0.003291 0.995060 -0.099223 9.933500 0.000689 0.099221 0.995065 -1.156000 0.000000 0.000000 0.000000 1.000000
0.999944 -0.003198 -0.010101 0.000000 0.002104 0.994303 -0.106568 9.933500 0.010384 0.106540 0.994254 -1.156000 0.000000 0.000000 0.000000 1.000000
0.999824 -0.002782 -0.018573 0.000000 0.000691 0.993748 -0.111645 9.933500 0.018767 0.111613 0.993575 -1.156000 0.000000 0.000000 0.000000 1.000000
0.999707 -0.002118 -0.024122 0.000000 -0.000637 0.993521 -0.113647 9.933500 0.024207 0.113630 0.993228 -1.156000 0.000000 0.000000 0.000000 1.000000
0.999597 -0.003199 -0.028223 0.000000 0.000029 0.993753 -0.111598 9.933500 0.028404 0.111553 0.993353 -1.156000 0.000000 0.000000 0.000000 1.000000
0.999478 -0.005594 -0.031809 -0.000000 0.002131 0.994164 -0.107860 9.933500 0.032227 0.107736 0.993657 -1.156000 0.000000 0.000000 0.000000 1.000000
0.999328 -0.012898 -0.034305 0.000000 0.009419 0.994972 -0.099714 9.933500 0.035418 0.099324 0.994425 -1.156000 0.000000 0.000000 0.000000 1.000000
0.998653 -0.031674 -0.041093 0.000000 0.027850 0.995505 -0.090519 9.933500 0.043776 0.089253 0.995047 -1.156000 0.000000 0.000000 0.000000 1.000000
0.997438 -0.052120 -0.048990 0.000000 0.048018 0.995518 -0.081478 9.933500 0.053017 0.078917 0.995470 -1.156000 0.000000 0.000000 0.000000 1.000000
0.995732 -0.072477 -0.057132 0.000000 0.068243 0.995004 -0.072864 9.933500 0.062127 0.068654 0.995704 -1.156000 0.000000 0.000000 0.000000 1.000000
0.993752 -0.091039 -0.064574 0.000000 0.086860 0.994110 -0.064809 9.933500 0.070093 0.058795 0.995806 -1.156000 0.000000 0.000000 0.000000 1.000000
0.992852 -0.099883 -0.065330 0.000000 0.096146 0.993673 -0.058055 9.933500 0.070715 0.051359 0.996174 -1.156000 0.000000 0.000000 0.000000 1.000000
0.992290 -0.107793 -0.061165 0.000000 0.104679 0.993144 -0.052023 9.933500 0.066353 0.045219 0.996771 -1.156000 0.000000 0.000000 0.000000 1.000000
0.991684 -0.116163 -0.055396 0.000000 0.113682 0.992451 -0.046020 9.933500 0.060324 0.039340 0.997403 -1.156000 0.000000 0.000000 0.000000 1.000000
0.991184 -0.122474 -0.050540 0.000000 0.120543 0.991916 -0.039656 9.933500 0.054988 0.033214 0.997934 -1.156000 0.000000 0.000000 0.000000 1.000000
0.991285 -0.124049 -0.044345 0.000000 0.122611 0.991879 -0.033795 9.933500 0.048177 0.028063 0.998445 -1.156000 0.000000 0.000000 0.000000 1.000000
0.991745 -0.122889 -0.036619 -0.000000 0.121887 0.992136 -0.028440 9.933500 0.039826 0.023741 0.998925 -1.156000 0.000000 0.000000 0.000000 1.000000
0.993389 -0.112555 -0.022556 0.000000 0.111980 0.993388 -0.025317 9.933500 0.025256 0.022624 0.999425 -1.156000 0.000000 0.000000 0.000000 1.000000
0.995639 -0.093046 -0.006793 -0.000000 0.092846 0.995356 -0.025418 9.933500 0.009126 0.024677 0.999654 -1.156000 0.000000 0.000000 0.000000 1.000000
0.997653 -0.068289 0.004954 0.000000 0.068406 0.997218 -0.029616 9.933500 -0.002918 0.029885 0.999549 -1.156000 0.000000 0.000000 0.000000 1.000000
0.998504 -0.053980 0.008680 0.000000 0.054270 0.997815 -0.037673 9.933500 -0.006627 0.038088 0.999252 -1.156000 0.000000 0.000000 0.000000 1.000000
0.998936 -0.045663 0.006466 0.000000 0.045925 0.997756 -0.048731 9.933500 -0.004227 0.048976 0.998791 -1.156000 0.000000 0.000000 0.000000 1.000000
0.999288 -0.037722 0.000531 -0.000000 0.037684 0.997423 -0.061059 9.933500 0.001773 0.061035 0.998134 -1.156000 0.000000 0.000000 0.000000 1.000000
0.999528 -0.029660 -0.008062 0.000000 0.028998 0.996937 -0.072629 9.933500 0.010191 0.072361 0.997326 -1.156000 0.000000 0.000000 0.000000 1.000000
0.999585 -0.022955 -0.017394 0.000000 0.021435 0.996315 -0.083046 9.933500 0.019236 0.082638 0.996394 -1.156000 0.000000 0.000000 0.000000 1.000000
0.999498 -0.018558 -0.025665 0.000000 0.016078 0.995474 -0.093659 9.933500 0.027287 0.093200 0.995273 -1.156000 0.000000 0.000000 0.000000 1.000000
0.999344 -0.015462 -0.032755 -0.000000 0.011945 0.994402 -0.104982 9.933500 0.034195 0.104522 0.993935 -1.156000 0.000000 0.000000 0.000000 1.000000
0.999124 -0.012793 -0.039851 0.000000 0.008118 0.993295 -0.115320 9.933500 0.041059 0.114895 0.992529 -1.156000 0.000000 0.000000 0.000000 1.000000
0.998822 -0.009440 -0.047601 0.000000 0.003517 0.992399 -0.123015 9.933500 0.048400 0.122703 0.991263 -1.156000 0.000000 0.000000 0.000000 1.000000
0.998539 -0.001152 -0.054020 0.000000 -0.005781 0.991756 -0.128012 9.933500 0.053722 0.128137 0.990300 -1.156000 0.000000 0.000000 0.000000 1.000000
0.998198 0.008647 -0.059387 -0.000000 -0.016450 0.991088 -0.132187 9.933500 0.057715 0.132926 0.989444 -1.156000 0.000000 0.000000 0.000000 1.000000
0.997939 0.021245 -0.060547 -0.000000 -0.029296 0.990363 -0.135359 9.933500 0.057088 0.136853 0.988945 -1.156000 0.000000 0.000000 0.000000 1.000000
0.997540 0.035439 -0.060474 0.000000 -0.043502 0.989519 -0.137694 9.933500 0.054961 0.139986 0.988627 -1.156000 0.000000 0.000000 0.000000 1.000000
0.996170 0.056201 -0.066981 0.000000 -0.065064 0.988226 -0.138480 9.933500 0.058409 0.142307 0.988098 -1.156000 0.000000 0.000000 0.000000 1.000000
0.994820 0.070751 -0.072984 0.000000 -0.080360 0.987104 -0.138448 9.933500 0.062248 0.143596 0.987677 -1.156000 0.000000 0.000000 0.000000 1.000000
0.993866 0.078543 -0.077853 -0.000000 -0.088769 0.986442 -0.138034 9.933500 0.065956 0.144098 0.987363 -1.156000 0.000000 0.000000 0.000000 1.000000
0.993007 0.084410 -0.082539 0.000000 -0.095240 0.985906 -0.137549 9.933500 0.069765 0.144448 0.987050 -1.156000 0.000000 0.000000 0.000000 1.000000
0.992121 0.091284 -0.085810 0.000000 -0.102540 0.985176 -0.137525 9.933500 0.071984 0.145240 0.986774 -1.156000 0.000000 0.000000 0.000000 1.000000
0.991304 0.099074 -0.086602 0.000000 -0.110444 0.984220 -0.138253 9.933500 0.071538 0.146616 0.986603 -1.156000 0.000000 0.000000 0.000000 1.000000
0.990528 0.106914 -0.086158 -0.000000 -0.118246 0.983145 -0.139438 9.933500 0.069798 0.148305 0.986476 -1.156000 0.000000 0.000000 0.000000 1.000000
0.989664 0.114529 -0.086306 0.000000 -0.125925 0.981987 -0.140871 9.933500 0.068617 0.150283 0.986259 -1.156000 0.000000 0.000000 0.000000 1.000000
0.988877 0.120868 -0.086675 -0.000000 -0.132383 0.980902 -0.142500 9.933500 0.067796 0.152389 0.985993 -1.156000 0.000000 0.000000 0.000000 1.000000
0.988367 0.125287 -0.086215 0.000000 -0.136795 0.980081 -0.143970 9.933500 0.066460 0.154089 0.985819 -1.156000 0.000000 0.000000 0.000000 1.000000
0.987910 0.129022 -0.085950 -0.000000 -0.140539 0.979370 -0.145200 9.933500 0.065443 0.155524 0.985662 -1.156000 0.000000 0.000000 0.000000 1.000000
0.987267 0.132920 -0.087381 0.000000 -0.144741 0.978506 -0.146886 9.933500 0.065979 0.157664 0.985286 -1.156000 0.000000 0.000000 0.000000 1.000000
0.986563 0.136339 -0.090031 0.000000 -0.148745 0.977479 -0.149700 9.933500 0.067594 0.161080 0.984624 -1.156000 0.000000 0.000000 0.000000 1.000000
0.985954 0.139083 -0.092470 0.000000 -0.152115 0.976399 -0.153318 9.933500 0.068964 0.165231 0.983841 -1.156000 0.000000 0.000000 0.000000 1.000000
0.985404 0.141845 -0.094118 0.000000 -0.155361 0.975358 -0.156654 9.933500 0.069578 0.168989 0.983159 -1.156000 0.000000 0.000000 0.000000 1.000000
0.984859 0.144839 -0.095257 0.000000 -0.158680 0.974456 -0.158922 9.933500 0.069805 0.171631 0.982685 -1.156000 0.000000 0.000000 0.000000 1.000000
0.984429 0.147073 -0.096280 0.000000 -0.161153 0.973855 -0.160111 9.933500 0.070215 0.173134 0.982392 -1.156000 0.000000 0.000000 0.000000 1.000000
0.984038 0.148950 -0.097379 -0.000000 -0.163271 0.973343 -0.161078 9.933500 0.070790 0.174406 0.982126 -1.156000 0.000000 0.000000 0.000000 1.000000
0.983751 0.149805 -0.098955 0.000000 -0.164463 0.972985 -0.162023 9.933500 0.072010 0.175665 0.981813 -1.156000 0.000000 0.000000 0.000000 1.000000
0.983480 0.150265 -0.100933 0.000000 -0.165334 0.972694 -0.162887 9.933500 0.073701 0.176884 0.981469 -1.156000 0.000000 0.000000 0.000000 1.000000</float_array>
        <technique_common>
          <accessor source="#mixamorig_Spine-Matrix-animation-output-transform-array" count="109" stride="16">
            <param type="float4x4"/>
          </accessor>
        </technique_common>
      </source>
      <source id="mixamorig_Spine-Interpolations">
        <Name_array id="mixamorig_Spine-Interpolations-array" count="109">
 LINEAR LINEAR LINEAR LINEAR LINEAR LINEAR LINEAR LINEAR LINEAR LINEAR LINEAR
LINEAR LINEAR LINEAR LINEAR LINEAR LINEAR LINEAR LINEAR LINEAR LINEAR LINEAR LINEAR
LINEAR LINEAR LINEAR LINEAR LINEAR LINEAR LINEAR LINEAR LINEAR LINEAR LINEAR LINEAR
LINEAR LINEAR LINEAR LINEAR LINEAR LINEAR LINEAR LINEAR LINEAR LINEAR LINEAR LINEAR
LINEAR LINEAR LINEAR LINEAR LINEAR LINEAR LINEAR LINEAR LINEAR LINEAR LINEAR LINEAR
LINEAR LINEAR LINEAR LINEAR LINEAR LINEAR LINEAR LINEAR LINEAR LINEAR LINEAR LINEAR
LINEAR LINEAR LINEAR LINEAR LINEAR LINEAR LINEAR LINEAR LINEAR LINEAR LINEAR LINEAR
LINEAR LINEAR LINEAR LINEAR LINEAR LINEAR LINEAR LINEAR LINEAR LINEAR LINEAR LINEAR
LINEAR LINEAR LINEAR LINEAR LINEAR LINEAR LINEAR LINEAR LINEAR LINEAR LINEAR LINEAR
LINEAR LINEAR</Name_array>
        <technique_common>
          <accessor source="#mixamorig_Spine-Interpolations-array" count="109">
            <param type="name"/>
          </accessor>
        </technique_common>
      </source>
      <sampler id="mixamorig_Spine-Matrix-animation-transform">
        <input semantic="INPUT" source="#mixamorig_Spine-Matrix-animation-input"/>
        <input semantic="OUTPUT" source="#mixamorig_Spine-Matrix-animation-output-transform"/>
        <input semantic="INTERPOLATION" source="#mixamorig_Spine-Interpolations"/>
      </sampler>
      <channel source="#mixamorig_Spine-Matrix-animation-transform" target="mixamorig_Spine/matrix"/>
    </animation>
    <animation id="mixamorig_Spine1-anim" name="mixamorig_Spine1">
      <source id="mixamorig_Spine1-Matrix-animation-input">
        <float_array id="mixamorig_Spine1-Matrix-animation-input-array" count="109">

