<?xml version="1.0" encoding="utf-8"?>
<COLLADA xmlns="http://www.collada.org/2005/11/COLLADASchema" version="1.4.1">
  <asset>
    <contributor>
      <author>Mixamo</author>
      <authoring_tool>COLLADA Mixamo exporter</authoring_tool>
      <comments/>
    </contributor>
    <created>2024-07-27T17:21:06Z</created>
    <modified>2024-07-27T17:21:06Z</modified>
    <revision/>
    <title/>
    <unit meter="0.010000"/>
    <up_axis>Y_UP</up_axis>
  </asset>
  <library_animations>
    <animation id="mixamorig_Hips-anim" name="mixamorig_Hips">
      <source id="mixamorig_Hips-Matrix-animation-input">
        <float_array id="mixamorig_Hips-Matrix-animation-input-array" count="23">

0.000000 0.033333 0.066667 0.100000 0.133333 0.166667 0.200000 0.233333 0.266667 0.300000 0.333333 0.366667 0.400000 0.433333 0.466667 0.500000
0.533333 0.566667 0.600000 0.633333 0.666667 0.700000 0.733333</float_array>
        <technique_common>
          <accessor source="#mixamorig_Hips-Matrix-animation-input-array" count="23">
            <param name="TIME" type="float"/>
          </accessor>
        </technique_common>
      </source>
      <source id="mixamorig_Hips-Matrix-animation-output-transform">
        <float_array id="mixamorig_Hips-Matrix-animation-output-transform-array" count="368">

0.995693 -0.073261 -0.056814 -0.106890 0.051286 0.945775 -0.320747 85.360207 0.077232 0.316452 0.945459 0.363494 0.000000 0.000000 0.000000 1.000000
0.996063 -0.077038 -0.043865 -0.289604 0.059819 0.949246 -0.308793 88.150421 0.065428 0.304953 0.950117 -0.712544 0.000000 0.000000 0.000000 1.000000
0.993807 -0.109656 -0.017973 -0.481212 0.099671 0.951187 -0.292077 90.127213 0.049124 0.288477 0.956226 -1.938509 0.000000 0.000000 0.000000 1.000000
0.988447 -0.150301 0.019542 -0.860663 0.149945 0.950916 -0.270693 91.673073 0.022103 0.270496 0.962467 -3.065996 0.000000 0.000000 0.000000 1.000000
0.989956 -0.139222 0.024584 -1.249667 0.140408 0.947887 -0.285999 92.929527 0.016515 0.286578 0.957915 -3.782016 0.000000 0.000000 0.000000 1.000000
0.998128 -0.061166 0.000451 -1.613149 0.058833 0.957983 -0.280726 93.669670 0.016739 0.280227 0.959788 -3.232457 0.000000 0.000000 0.000000 1.000000
0.999892 0.002709 -0.014423 -1.939168 -0.006193 0.968892 -0.247406 93.425835 0.013304 0.247468 0.968805 -2.912403 0.000000 0.000000 0.000000 1.000000
0.999996 0.000894 -0.002568 -2.282785 -0.001438 0.975496 -0.220011 92.664528 0.002309 0.220014 0.975494 -3.587315 0.000000 0.000000 0.000000 1.000000
0.999967 -0.007894 0.002113 -2.337681 0.008169 0.972454 -0.232952 90.378738 -0.000215 0.232961 0.972486 -4.497365 0.000000 0.000000 0.000000 1.000000
0.999811 -0.018816 0.004855 -2.371392 0.019432 0.967017 -0.253969 87.898956 0.000084 0.254015 0.967200 -5.531270 0.000000 0.000000 0.000000 1.000000
0.999399 -0.034469 0.003609 -2.587891 0.034129 0.960698 -0.275489 85.973679 0.006029 0.275447 0.961297 -6.949313 0.000000 0.000000 0.000000 1.000000
0.999375 -0.035292 -0.002195 -2.644936 0.033183 0.957491 -0.286549 85.411736 0.012215 0.286297 0.958063 -7.255984 0.000000 0.000000 0.000000 1.000000
0.999711 -0.013155 -0.020143 -2.369191 0.006847 0.958217 -0.285960 86.382393 0.023063 0.285739 0.958030 -6.171012 0.000000 0.000000 0.000000 1.000000
0.998166 0.049266 -0.035187 -2.035130 -0.057221 0.957551 -0.282529 87.334496 0.019775 0.284024 0.958613 -4.782618 0.000000 0.000000 0.000000 1.000000
0.994767 0.095687 -0.035822 -1.907897 -0.102023 0.949235 -0.297565 88.110847 0.005531 0.299662 0.954029 -3.834116 0.000000 0.000000 0.000000 1.000000
0.991511 0.124967 -0.035890 -1.814262 -0.129910 0.940894 -0.312796 88.895218 -0.005321 0.314803 0.949142 -2.915138 0.000000 0.000000 0.000000 1.000000
0.995589 0.084839 -0.040062 -1.681789 -0.093084 0.946661 -0.308493 89.895386 0.011753 0.310861 0.950383 -1.703890 0.000000 0.000000 0.000000 1.000000
0.998942 0.031190 -0.033806 -1.105840 -0.039627 0.956731 -0.288263 88.631248 0.023352 0.289297 0.956954 -0.656922 0.000000 0.000000 0.000000 1.000000
0.998642 -0.004842 -0.051881 -0.444061 -0.009875 0.960043 -0.279680 86.543709 0.051162 0.279812 0.958691 0.299497 0.000000 0.000000 0.000000 1.000000
0.997349 -0.032706 -0.065002 -0.027401 0.011769 0.954038 -0.299453 83.676277 0.071808 0.297894 0.951894 0.376861 0.000000 0.000000 0.000000 1.000000
0.996581 -0.042745 -0.070709 0.298867 0.017923 0.947240 -0.320024 82.484550 0.080658 0.317663 0.944767 -0.218713 0.000000 0.000000 0.000000 1.000000
0.996082 -0.059410 -0.065504 0.279011 0.034935 0.944831 -0.325690 82.984993 0.081239 0.322126 0.943205 -0.393274 0.000000 0.000000 0.000000 1.000000
0.995693 -0.073261 -0.056814 -0.105891 0.051286 0.945775 -0.320747 85.360214 0.077232 0.316452 0.945459 0.363495 0.000000 0.000000 0.000000 1.000000</float_array>
        <technique_common>
          <accessor source="#mixamorig_Hips-Matrix-animation-output-transform-array" count="23" stride="16">
            <param type="float4x4"/>
          </accessor>
        </technique_common>
      </source>
      <source id="mixamorig_Hips-Interpolations">
        <Name_array id="mixamorig_Hips-Interpolations-array" count="23">
 LINEAR LINEAR LINEAR LINEAR LINEAR LINEAR LINEAR LINEAR LINEAR LINEAR LINEAR
LINEAR LINEAR LINEAR LINEAR LINEAR LINEAR LINEAR LINEAR LINEAR LINEAR LINEAR LINEAR</Name_array>
        <technique_common>
          <accessor source="#mixamorig_Hips-Interpolations-array" count="23">
            <param type="name"/>
          </accessor>
        </technique_common>
      </source>
      <sampler id="mixamorig_Hips-Matrix-animation-transform">
        <input semantic="INPUT" source="#mixamorig_Hips-Matrix-animation-input"/>
        <input semantic="OUTPUT" source="#mixamorig_Hips-Matrix-animation-output-transform"/>
        <input semantic="INTERPOLATION" source="#mixamorig_Hips-Interpolations"/>
      </sampler>
      <channel source="#mixamorig_Hips-Matrix-animation-transform" target="mixamorig_Hips/matrix"/>
    </animation>
    <animation id="mixamorig_Spine-anim" name="mixamorig_Spine">
      <source id="mixamorig_Spine-Matrix-animation-input">
        <float_array id="mixamorig_Spine-Matrix-animation-input-array" count="23">

0.000000 0.033333 0.066667 0.100000 0.133333 0.166667 0.200000 0.233333 0.266667 0.300000 0.333333 0.366667 0.400000 0.433333 0.466667 0.500000
0.533333 0.566667 0.600000 0.633333 0.666667 0.700000 0.733333</float_array>
        <technique_common>
          <accessor source="#mixamorig_Spine-Matrix-animation-input-array" count="23">
            <param name="TIME" type="float"/>
          </accessor>
        </technique_common>
      </source>
      <source id="mixamorig_Spine-Matrix-animation-output-transform">
        <float_array id="mixamorig_Spine-Matrix-animation-output-transform-array" count="368">

0.998269 0.005230 0.058588 0.000000 -0.007791 0.999020 0.043563 9.933500 -0.058303 -0.043944 0.997331 -1.156000 0.000000 0.000000 0.000000 1.000000
0.995901 0.009285 0.089977 0.000000 -0.013609 0.998776 0.047561 9.933500 -0.089425 -0.048590 0.994808 -1.156000 0.000000 0.000000 0.000000 1.000000
0.993242 0.047169 0.106042 0.000000 -0.051749 0.997824 0.040857 9.933500 -0.103884 -0.046068 0.993522 -1.156000 0.000000 0.000000 0.000000 1.000000
0.988108 0.101438 0.115558 0.000000 -0.105331 0.994041 0.028075 9.933500 -0.112022 -0.039913 0.992904 -1.156000 0.000000 0.000000 0.000000 1.000000
0.985710 0.109259 0.128214 0.000000 -0.115138 0.992570 0.039352 9.933500 -0.122962 -0.053552 0.990965 -1.156000 0.000000 0.000000 0.000000 1.000000
0.989072 0.046511 0.139903 0.000000 -0.053961 0.997294 0.049933 9.933500 -0.137202 -0.056936 0.988905 -1.156000 0.000000 0.000000 0.000000 1.000000
0.990899 -0.000312 0.134606 -0.000000 -0.005204 0.999161 0.040627 9.933500 -0.134505 -0.040957 0.990066 -1.156000 0.000000 0.000000 0.000000 1.000000
0.994870 0.022609 0.098602 0.000000 -0.024610 0.999514 0.019123 9.933500 -0.098122 -0.021452 0.994943 -1.156000 0.000000 0.000000 0.000000 1.000000
0.996652 0.042880 0.069607 0.000000 -0.044515 0.998764 0.022100 9.933500 -0.068574 -0.025125 0.997330 -1.156000 0.000000 0.000000 0.000000 1.000000
0.996970 0.063936 0.044299 -0.000000 -0.065248 0.997453 0.028821 9.933500 -0.042343 -0.031624 0.998603 -1.156000 0.000000 0.000000 0.000000 1.000000
0.995644 0.088782 0.028465 0.000000 -0.089535 0.995635 0.026369 9.933500 -0.026000 -0.028803 0.999247 -1.156000 0.000000 0.000000 0.000000 1.000000
0.995517 0.094575 0.000923 0.000000 -0.094550 0.994903 0.035055 9.933500 0.002397 -0.034985 0.999385 -1.156000 0.000000 0.000000 0.000000 1.000000
0.997064 0.069411 -0.032319 0.000000 -0.067841 0.996571 0.047370 9.933500 0.035496 -0.045039 0.998354 -1.156000 0.000000 0.000000 0.000000 1.000000
0.997454 -0.004196 -0.071190 0.000000 0.008016 0.998538 0.053463 9.933500 0.070861 -0.053897 0.996029 -1.156000 0.000000 0.000000 0.000000 1.000000
0.992146 -0.062681 -0.108250 0.000000 0.068943 0.996098 0.055103 9.933500 0.104374 -0.062134 0.992595 -1.156000 0.000000 0.000000 0.000000 1.000000
0.985187 -0.103910 -0.136416 -0.000000 0.111947 0.992320 0.052612 9.933500 0.129902 -0.067104 0.989254 -1.156000 0.000000 0.000000 0.000000 1.000000
0.989566 -0.076798 -0.121910 -0.000000 0.083134 0.995393 0.047762 9.933500 0.117681 -0.057399 0.991391 -1.156000 0.000000 0.000000 0.000000 1.000000
0.992648 -0.046892 -0.111580 0.000000 0.052025 0.997696 0.043546 9.933500 0.109281 -0.049031 0.992801 -1.156000 0.000000 0.000000 0.000000 1.000000
0.995685 -0.044228 -0.081584 0.000000 0.047633 0.998053 0.040267 9.933500 0.079644 -0.043980 0.995853 -1.156000 0.000000 0.000000 0.000000 1.000000
0.998227 -0.034482 -0.048520 -0.000000 0.036731 0.998254 0.046263 9.933500 0.046840 -0.047964 0.997750 -1.156000 0.000000 0.000000 0.000000 1.000000
0.999246 -0.033447 -0.019726 0.000000 0.034277 0.998473 0.043319 9.933500 0.018247 -0.043962 0.998867 -1.156000 0.000000 0.000000 0.000000 1.000000
0.999783 -0.015397 0.014062 -0.000000 0.014796 0.999014 0.041868 9.933500 -0.014692 -0.041651 0.999024 -1.156000 0.000000 0.000000 0.000000 1.000000
0.998269 0.005230 0.058588 -0.000000 -0.007791 0.999020 0.043563 9.933500 -0.058303 -0.043944 0.997331 -1.156000 0.000000 0.000000 0.000000 1.000000</float_array>
        <technique_common>
          <accessor source="#mixamorig_Spine-Matrix-animation-output-transform-array" count="23" stride="16">
            <param type="float4x4"/>
          </accessor>
        </technique_common>
      </source>
      <source id="mixamorig_Spine-Interpolations">
        <Name_array id="mixamorig_Spine-Interpolations-array" count="23">
 LINEAR LINEAR LINEAR LINEAR LINEAR LINEAR LINEAR LINEAR LINEAR LINEAR LINEAR
LINEAR LINEAR LINEAR LINEAR LINEAR LINEAR LINEAR LINEAR LINEAR LINEAR LINEAR LINEAR</Name_array>
        <technique_common>
          <accessor source="#mixamorig_Spine-Interpolations-array" count="23">
            <param type="name"/>
          </accessor>
        </technique_common>
      </source>
      <sampler id="mixamorig_Spine-Matrix-animation-transform">
        <input semantic="INPUT" source="#mixamorig_Spine-Matrix-animation-input"/>
        <input semantic="OUTPUT" source="#mixamorig_Spine-Matrix-animation-output-transform"/>
        <input semantic="INTERPOLATION" source="#mixamorig_Spine-Interpolations"/>
      </sampler>
      <channel source="#mixamorig_Spine-Matrix-animation-transform" target="mixamorig_Spine/matrix"/>
    </animation>
    <animation id="mixamorig_Spine1-anim" name="mixamorig_Spine1">
      <source id="mixamorig_Spine1-Matrix-animation-input">
        <float_array id="mixamorig_Spine1-Matrix-animation-input-array" count="23">

0.000000 0.033333 0.066667 0.100000 0.133333 0.166667 0.200000 0.233333 0.266667 0.300000 0.333333 0.366667 0.400000 0.433333 0.466667 0.500000
0.533333 0.566667 0.600000 0.633333 0.666667 0.700000 0.733333</float_array>
        <technique_common>
          <accessor source="#mixamorig_Spine1-Matrix-animation-input-array" count="23">
            <param name="TIME" type="float"/>
          </accessor>
        </technique_common>
      </source>
      <source id="mixamorig_Spine1-Matrix-animation-output-transform">
        <float_array id="mixamorig_Spine1-Matrix-animation-output-transform-array" count="368">

0.999027 -0.016639 0.040846 -0.000000 0.018817 0.998389 -0.053525 11.667300 -0.039890 0.054242 0.997731 0.000000 0.000000 0.000000 0.000000 1.000000
0.998323 -0.006375 0.057530 -0.000000 0.009376 0.998600 -0.052049 11.667300 -0.057118 0.052502 0.996986 -0.000000 0.000000 0.000000 0.000000 1.000000
0.997934 0.001181 0.064234 -0.000000 0.002357 0.998484 -0.054984 11.667300 -0.064201 0.055022 0.996419 0.000000 0.000000 0.000000 0.000000 1.000000
0.997926 0.009829 0.063610 0.000000 -0.005978 0.998153 -0.060450 11.667300 -0.064087 0.059944 0.996142 -0.000000 0.000000 0.000000 0.000000 1.000000
0.997942 0.014873 0.062379 0.000000 -0.011686 0.998623 -0.051147 11.667300 -0.063054 0.050313 0.996741 0.000000 0.000000 0.000000 0.000000 1.000000
0.997850 0.010912 0.064627 0.000000 -0.008116 0.999026 -0.043371 11.667300 -0.065038 0.042753 0.996967 0.000000 0.000000 0.000000 0.000000 1.000000
0.997935 0.007074 0.063836 0.000000 -0.003814 0.998689 -0.051045 11.667300 -0.064114 0.050696 0.996654 0.000000 0.000000 0.000000 0.000000 1.000000
0.998365 0.011223 0.056048 0.000000 -0.007481 0.997756 -0.066538 11.667300 -0.056669 0.066010 0.996208 0.000000 0.000000 0.000000 0.000000 1.000000
0.998835 0.018231 0.044685 0.000000 -0.015306 0.997771 -0.064952 11.667300 -0.045770 0.064193 0.996887 0.000000 0.000000 0.000000 0.000000 1.000000
0.999131 0.025135 0.033249 -0.000000 -0.023071 0.997867 -0.061065 11.667300 -0.034713 0.060245 0.997580 0.000000 0.000000 0.000000 0.000000 1.000000
0.999305 0.027967 0.024626 0.000000 -0.026355 0.997632 -0.063533 11.667300 -0.026345 0.062840 0.997676 0.000000 0.000000 0.000000 0.000000 1.000000
0.999699 0.021645 0.011558 -0.000000 -0.020921 0.998012 -0.059448 11.667300 -0.012822 0.059188 0.998164 0.000000 0.000000 0.000000 0.000000 1.000000
0.999965 0.006977 -0.004509 0.000000 -0.007203 0.998605 -0.052311 11.667300 0.004137 0.052342 0.998621 -0.000000 0.000000 0.000000 0.000000 1.000000
0.999722 -0.014204 -0.018805 0.000000 0.013278 0.998736 -0.048485 11.667300 0.019470 0.048222 0.998647 0.000000 0.000000 0.000000 0.000000 1.000000
0.999148 -0.027183 -0.031049 0.000000 0.025736 0.998607 -0.046061 11.667300 0.032258 0.045222 0.998456 -0.000000 0.000000 0.000000 0.000000 1.000000
0.998514 -0.035848 -0.041042 0.000000 0.033991 0.998405 -0.045077 11.667300 0.042592 0.043615 0.998140 0.000000 0.000000 0.000000 0.000000 1.000000
0.998636 -0.031369 -0.041741 0.000000 0.029306 0.998361 -0.049149 11.667300 0.043214 0.047858 0.997919 -0.000000 0.000000 0.000000 0.000000 1.000000
0.999158 -0.025482 -0.032160 0.000000 0.023790 0.998366 -0.051956 11.667300 0.033431 0.051148 0.998131 0.000000 0.000000 0.000000 0.000000 1.000000
0.999475 -0.026633 -0.018475 0.000000 0.025629 0.998288 -0.052576 11.667300 0.019844 0.052075 0.998446 0.000000 0.000000 0.000000 0.000000 1.000000
0.999390 -0.034615 -0.004573 0.000000 0.034349 0.998202 -0.049122 11.667300 0.006265 0.048935 0.998782 0.000000 0.000000 0.000000 0.000000 1.000000
0.999194 -0.039973 0.003686 0.000000 0.040110 0.997875 -0.051343 11.667300 -0.001626 0.051449 0.998674 0.000000 0.000000 0.000000 0.000000 1.000000
0.999328 -0.032114 0.017643 0.000000 0.033008 0.998053 -0.052925 11.667300 -0.015909 0.053471 0.998443 -0.000000 0.000000 0.000000 0.000000 1.000000
0.999027 -0.016639 0.040846 0.000000 0.018817 0.998389 -0.053525 11.667300 -0.039890 0.054242 0.997731 0.000000 0.000000 0.000000 0.000000 1.000000</float_array>
        <technique_common>
          <accessor source="#mixamorig_Spine1-Matrix-animation-output-transform-array" count="23" stride="16">
            <param type="float4x4"/>
          </accessor>
        </technique_common>
      </source>
      <source id="mixamorig_Spine1-Interpolations">
        <Name_array id="mixamorig_Spine1-Interpolations-array" count="23">
 LINEAR LINEAR LINEAR LINEAR LINEAR LINEAR LINEAR LINEAR LINEAR LINEAR LINEAR
LINEAR LINEAR LINEAR LINEAR LINEAR LINEAR LINEAR LINEAR LINEAR LINEAR LINEAR LINEAR</Name_array>
        <technique_common>
          <accessor source="#mixamorig_Spine1-Interpolations-array" count="23">
            <param type="name"/>
          </accessor>
        </technique_common>
      </source>
      <sampler id="mixamorig_Spine1-Matrix-animation-transform">
        <input semantic="INPUT" source="#mixamorig_Spine1-Matrix-animation-input"/>
        <input semantic="OUTPUT" source="#mixamorig_Spine1-Matrix-animation-output-transform"/>
        <input semantic="INTERPOLATION" source="#mixamorig_Spine1-Interpolations"/>
      </sampler>
      <channel source="#mixamorig_Spine1-Matrix-animation-transform" target="mixamorig_Spine1/matrix"/>
    </animation>
    <animation id="mixamorig_Spine2-anim" name="mixamorig_Spine2">
      <source id="mixamorig_Spine2-Matrix-animation-input">
        <float_array id="mixamorig_Spine2-Matrix-animation-input-array" count="23">

0.000000 0.033333 0.066667 0.100000 0.133333 0.166667 0.200000 0.233333 0.266667 0.300000 0.333333 0.366667 0.400000 0.433333 0.466667 0.500000
0.533333 0.566667 0.600000 0.633333 0.666667 0.700000 0.733333</float_array>
        <technique_common>
          <accessor source="#mixamorig_Spine2-Matrix-animation-input-array" count="23">
            <param name="TIME" type="float"/>
          </accessor>
        </technique_common>
      </source>
      <source id="mixamorig_Spine2-Matrix-animation-output-transform">
        <float_array id="mixamorig_Spine2-Matrix-animation-output-transform-array" count="368">

0.998981 -0.018209 0.041292 0.000000 0.020358 0.998427 -0.052233 13.334100 -0.040276 0.053021 0.997781 0.000000 0.000000 0.000000 0.000000 1.000000
0.998266 -0.008254 0.058288 0.000000 0.011218 0.998650 -0.050721 13.334100 -0.057790 0.051287 0.997010 -0.000000 0.000000 0.000000 0.000000 1.000000
0.997864 -0.001063 0.065320 0.000000 0.004572 0.998552 -0.053594 13.334100 -0.065168 0.053779 0.996424 -0.000000 0.000000 0.000000 0.000000 1.000000
0.997866 0.007415 0.064879 0.000000 -0.003565 0.998237 -0.059250 13.334100 -0.065204 0.058893 0.996133 -0.000000 0.000000 0.000000 0.000000 1.000000
0.997898 0.012984 0.063493 -0.000000 -0.009803 0.998694 -0.050145 13.334100 -0.064062 0.049418 0.996722 0.000000 0.000000 0.000000 0.000000 1.000000
0.997795 0.009848 0.065643 -0.000000 -0.007079 0.999081 -0.042282 13.334100 -0.065999 0.041724 0.996947 0.000000 0.000000 0.000000 0.000000 1.000000
0.997868 0.006242 0.064969 -0.000000 -0.002992 0.998745 -0.049995 13.334100 -0.065200 0.049694 0.996634 0.000000 0.000000 0.000000 0.000000 1.000000
0.998310 0.010042 0.057246 0.000000 -0.006265 0.997814 -0.065782 13.334100 -0.057781 0.065312 0.996191 -0.000000 0.000000 0.000000 0.000000 1.000000
0.998786 0.017250 0.046142 0.000000 -0.014265 0.997832 -0.064243 13.334100 -0.047150 0.063507 0.996867 0.000000 0.000000 0.000000 0.000000 1.000000
0.999090 0.024462 0.034952 -0.000000 -0.022322 0.997927 -0.060364 13.334100 -0.036356 0.059529 0.997564 0.000000 0.000000 0.000000 0.000000 1.000000
0.999273 0.027603 0.026308 0.000000 -0.025903 0.997683 -0.062907 13.334100 -0.027984 0.062179 0.997673 0.000000 0.000000 0.000000 0.000000 1.000000
0.999680 0.021762 0.012907 0.000000 -0.020966 0.998043 -0.058913 13.334100 -0.014164 0.058623 0.998180 0.000000 0.000000 0.000000 0.000000 1.000000
0.999966 0.007448 -0.003438 0.000000 -0.007617 0.998623 -0.051905 13.334100 0.003046 0.051929 0.998646 -0.000000 0.000000 0.000000 0.000000 1.000000
0.999749 -0.013545 -0.017833 -0.000000 0.012671 0.998755 -0.048238 13.334100 0.018464 0.048000 0.998677 -0.000000 0.000000 0.000000 0.000000 1.000000
0.999193 -0.026593 -0.030098 0.000000 0.025198 0.998632 -0.045825 13.334100 0.031276 0.045029 0.998496 -0.000000 0.000000 0.000000 0.000000 1.000000
0.998568 -0.035383 -0.040120 0.000000 0.033579 0.998432 -0.044781 13.334100 0.041641 0.043369 0.998191 -0.000000 0.000000 0.000000 0.000000 1.000000
0.998678 -0.031052 -0.040961 0.000000 0.029051 0.998397 -0.048572 13.334100 0.042403 0.047318 0.997979 0.000000 0.000000 0.000000 0.000000 1.000000
0.999195 -0.025072 -0.031322 0.000000 0.023445 0.998410 -0.051271 13.334100 0.032558 0.050495 0.998193 0.000000 0.000000 0.000000 0.000000 1.000000
0.999500 -0.026296 -0.017566 0.000000 0.025355 0.998336 -0.051789 13.334100 0.018899 0.051317 0.998504 0.000000 0.000000 0.000000 0.000000 1.000000
0.999392 -0.034665 -0.003820 -0.000000 0.034441 0.998247 -0.048132 13.334100 0.005482 0.047971 0.998834 -0.000000 0.000000 0.000000 0.000000 1.000000
0.999162 -0.040708 0.004362 0.000000 0.040875 0.997913 -0.049993 13.334100 -0.002318 0.050129 0.998740 0.000000 0.000000 0.000000 0.000000 1.000000
0.999279 -0.033328 0.018190 0.000000 0.034225 0.998090 -0.051438 13.334100 -0.016441 0.052023 0.998511 0.000000 0.000000 0.000000 0.000000 1.000000
0.998981 -0.018209 0.041292 0.000000 0.020358 0.998427 -0.052233 13.334100 -0.040276 0.053021 0.997781 0.000000 0.000000 0.000000 0.000000 1.000000</float_array>
        <technique_common>
          <accessor source="#mixamorig_Spine2-Matrix-animation-output-transform-array" count="23" stride="16">
            <param type="float4x4"/>
          </accessor>
        </technique_common>
      </source>
      <source id="mixamorig_Spine2-Interpolations">
        <Name_array id="mixamorig_Spine2-Interpolations-array" count="23">
 LINEAR LINEAR LINEAR LINEAR LINEAR LINEAR LINEAR LINEAR LINEAR LINEAR LINEAR
LINEAR LINEAR LINEAR LINEAR LINEAR LINEAR LINEAR LINEAR LINEAR LINEAR LINEAR LINEAR</Name_array>
        <technique_common>
          <accessor source="#mixamorig_Spine2-Interpolations-array" count="23">
            <param type="name"/>
          </accessor>
        </technique_common>
      </source>
      <sampler id="mixamorig_Spine2-Matrix-animation-transform">
        <input semantic="INPUT" source="#mixamorig_Spine2-Matrix-animation-input"/>
        <input semantic="OUTPUT" source="#mixamorig_Spine2-Matrix-animation-output-transform"/>
        <input semantic="INTERPOLATION" source="#mixamorig_Spine2-Interpolations"/>
      </sampler>
      <channel source="#mixamorig_Spine2-Matrix-animation-transform" target="mixamorig_Spine2/matrix"/>
    </animation>
    <animation id="mixamorig_Neck-anim" name="mixamorig_Neck">
      <source id="mixamorig_Neck-Matrix-animation-input">
        <float_array id="mixamorig_Neck-Matrix-animation-input-array" count="23">

0.000000 0.033333 0.066667 0.100000 0.133333 0.166667 0.200000 0.233333 0.266667 0.300000 0.333333 0.366667 0.400000 0.433333 0.466667 0.500000
0.533333 0.566667 0.600000 0.633333 0.666667 0.700000 0.733333</float_array>
        <technique_common>
          <accessor source="#mixamorig_Neck-Matrix-animation-input-array" count="23">
            <param name="TIME" type="float"/>
          </accessor>
        </technique_common>
      </source>
      <source id="mixamorig_Neck-Matrix-animation-output-transform">
        <float_array id="mixamorig_Neck-Matrix-animation-output-transform-array" count="368">

0.999713 -0.023547 -0.004423 0.000000 0.023579 0.999694 0.007459 15.000900 0.004246 -0.007561 0.999962 -0.000000 0.000000 0.000000 0.000000 1.000000
0.999717 -0.020046 -0.012789 0.000000 0.019957 0.999776 -0.007004 15.000900 0.012926 0.006746 0.999894 -0.000000 0.000000 0.000000 0.000000 1.000000
0.999686 -0.015163 -0.019963 0.000000 0.014785 0.999710 -0.018982 15.000900 0.020246 0.018681 0.999620 0.000000 0.000000 0.000000 0.000000 1.000000
0.999667 -0.002682 -0.025650 -0.000000 0.001746 0.999335 -0.036433 15.000900 0.025731 0.036376 0.999007 0.000000 0.000000 0.000000 0.000000 1.000000
0.999611 0.003438 -0.027695 0.000000 -0.004642 0.999041 -0.043530 15.000900 0.027518 0.043642 0.998668 0.000000 0.000000 0.000000 0.000000 1.000000
0.999559 -0.001679 -0.029657 -0.000000 0.000512 0.999227 -0.039319 15.000900 0.029700 0.039286 0.998787 -0.000000 0.000000 0.000000 0.000000 1.000000
0.999545 -0.008272 -0.029022 0.000000 0.006944 0.998937 -0.045561 15.000900 0.029368 0.045339 0.998540 -0.000000 0.000000 0.000000 0.000000 1.000000
0.999603 -0.014038 -0.024413 -0.000000 0.012390 0.997715 -0.066412 15.000900 0.025290 0.066083 0.997494 0.000000 0.000000 0.000000 0.000000 1.000000
0.999182 -0.031964 -0.024761 0.000000 0.030219 0.997234 -0.067902 15.000900 0.026863 0.067098 0.997385 -0.000000 0.000000 0.000000 0.000000 1.000000
0.998400 -0.050032 -0.026367 0.000000 0.048291 0.996847 -0.062963 15.000900 0.029434 0.061589 0.997668 0.000000 0.000000 0.000000 0.000000 1.000000
0.997981 -0.056581 -0.028868 0.000000 0.055249 0.997456 -0.045044 15.000900 0.031343 0.043358 0.998568 0.000000 0.000000 0.000000 0.000000 1.000000
0.998120 -0.056344 -0.024139 0.000000 0.055307 0.997601 -0.041645 15.000900 0.026428 0.040231 0.998841 0.000000 0.000000 0.000000 0.000000 1.000000
0.998251 -0.056986 -0.015758 0.000000 0.056240 0.997434 -0.044294 15.000900 0.018242 0.043330 0.998894 0.000000 0.000000 0.000000 0.000000 1.000000
0.998450 -0.055165 -0.007427 -0.000000 0.054745 0.997337 -0.048190 15.000900 0.010066 0.047709 0.998811 0.000000 0.000000 0.000000 0.000000 1.000000
0.997884 -0.064900 -0.004001 0.000000 0.064721 0.997289 -0.035018 15.000900 0.006263 0.034685 0.999379 0.000000 0.000000 0.000000 0.000000 1.000000
0.997082 -0.076292 -0.002708 0.000000 0.076223 0.996889 -0.020048 15.000900 0.004229 0.019783 0.999795 0.000000 0.000000 0.000000 0.000000 1.000000
0.996450 -0.084002 -0.005562 -0.000000 0.083921 0.996381 -0.013518 15.000900 0.006677 0.013003 0.999893 -0.000000 0.000000 0.000000 0.000000 1.000000
0.997431 -0.071572 -0.002982 0.000000 0.071504 0.997265 -0.018713 15.000900 0.004313 0.018452 0.999820 0.000000 0.000000 0.000000 0.000000 1.000000
0.998799 -0.048951 0.001954 0.000000 0.048977 0.998646 -0.017550 15.000900 -0.001092 0.017624 0.999844 0.000000 0.000000 0.000000 0.000000 1.000000
0.999427 -0.033720 0.003080 -0.000000 0.033713 0.999429 0.002278 15.000900 -0.003155 -0.002173 0.999993 0.000000 0.000000 0.000000 0.000000 1.000000
0.999551 -0.029666 0.004117 -0.000000 0.029564 0.999300 0.022909 15.000900 -0.004794 -0.022777 0.999729 0.000000 0.000000 0.000000 0.000000 1.000000
0.999613 -0.027685 0.002884 -0.000000 0.027613 0.999364 0.022568 15.000900 -0.003506 -0.022480 0.999741 -0.000000 0.000000 0.000000 0.000000 1.000000
0.999713 -0.023547 -0.004423 0.000000 0.023579 0.999694 0.007459 15.000900 0.004246 -0.007561 0.999962 0.000000 0.000000 0.000000 0.000000 1.000000</float_array>
        <technique_common>
          <accessor source="#mixamorig_Neck-Matrix-animation-output-transform-array" count="23" stride="16">
            <param type="float4x4"/>
          </accessor>
        </technique_common>
      </source>
      <source id="mixamorig_Neck-Interpolations">
        <Name_array id="mixamorig_Neck-Interpolations-array" count="23">
 LINEAR LINEAR LINEAR LINEAR LINEAR LINEAR LINEAR LINEAR LINEAR LINEAR LINEAR
LINEAR LINEAR LINEAR LINEAR LINEAR LINEAR LINEAR LINEAR LINEAR LINEAR LINEAR LINEAR</Name_array>
        <technique_common>
          <accessor source="#mixamorig_Neck-Interpolations-array" count="23">
            <param type="name"/>
          </accessor>
        </technique_common>
      </source>
      <sampler id="mixamorig_Neck-Matrix-animation-transform">
        <input semantic="INPUT" source="#mixamorig_Neck-Matrix-animation-input"/>
        <input semantic="OUTPUT" source="#mixamorig_Neck-Matrix-animation-output-transform"/>
        <input semantic="INTERPOLATION" source="#mixamorig_Neck-Interpolations"/>
      </sampler>
      <channel source="#mixamorig_Neck-Matrix-animation-transform" target="mixamorig_Neck/matrix"/>
    </animation>
    <animation id="mixamorig_Head-anim" name="mixamorig_Head">
      <source id="mixamorig_Head-Matrix-animation-input">
        <float_array id="mixamorig_Head-Matrix-animation-input-array" count="23">

0.000000 0.033333 0.066667 0.100000 0.133333 0.166667 0.200000 0.233333 0.266667 0.300000 0.333333 0.366667 0.400000 0.433333 0.466667 0.500000
0.533333 0.566667 0.600000 0.633333 0.666667 0.700000 0.733333</float_array>
        <technique_common>
          <accessor source="#mixamorig_Head-Matrix-animation-input-array" count="23">
            <param name="TIME" type="float"/>
          </accessor>
        </technique_common>
      </source>
      <source id="mixamorig_Head-Matrix-animation-output-transform">
        <float_array id="mixamorig_Head-Matrix-animation-output-transform-array" count="368">

0.997705 0.057973 0.034971 -0.000000 -0.063250 0.982359 0.175986 6.498500 -0.024152 -0.177794 0.983771 1.097900 0.000000 0.000000 0.000000 1.000000
0.999338 0.031962 -0.017388 0.000000 -0.028953 0.987955 0.152012 6.498500 0.022037 -0.151408 0.988226 1.097900 0.000000 0.000000 0.000000 1.000000
0.997851 0.013823 -0.064048 0.000000 -0.005728 0.992155 0.124884 6.498500 0.065272 -0.124249 0.990102 1.097900 0.000000 0.000000 0.000000 1.000000
0.992930 -0.012052 -0.118086 -0.000000 0.023918 0.994741 0.099592 6.498500 0.116264 -0.101712 0.987997 1.097900 0.000000 0.000000 0.000000 1.000000
0.989337 -0.029735 -0.142575 0.000000 0.044181 0.994081 0.099251 6.498500 0.138780 -0.104492 0.984795 1.097900 0.000000 0.000000 0.000000 1.000000
0.989177 -0.028458 -0.143938 -0.000000 0.044816 0.992729 0.111719 6.498500 0.139712 -0.116961 0.983260 1.097900 0.000000 0.000000 0.000000 1.000000
0.991037 -0.025804 -0.131076 -0.000000 0.041595 0.991998 0.119204 6.498500 0.126951 -0.123588 0.984180 1.097900 0.000000 0.000000 0.000000 1.000000
0.993739 -0.035838 -0.105824 0.000000 0.049434 0.990440 0.128782 6.498500 0.100197 -0.133207 0.986010 1.097900 0.000000 0.000000 0.000000 1.000000
0.995523 -0.042602 -0.084373 0.000000 0.054657 0.987749 0.146164 6.498500 0.077113 -0.150121 0.985656 1.097900 0.000000 0.000000 0.000000 1.000000
0.996582 -0.048381 -0.066954 -0.000000 0.058710 0.985029 0.162086 6.498500 0.058110 -0.165463 0.984502 1.097900 0.000000 0.000000 0.000000 1.000000
0.996654 -0.049570 -0.064995 0.000000 0.059586 0.984899 0.162555 6.498500 0.055956 -0.165884 0.984557 1.097900 0.000000 0.000000 0.000000 1.000000
0.998029 -0.048836 -0.039411 0.000000 0.054290 0.986907 0.151879 6.498500 0.031478 -0.153719 0.987613 1.097900 0.000000 0.000000 0.000000 1.000000
0.999749 -0.018685 0.012369 -0.000000 0.016848 0.990723 0.134852 6.498500 -0.014774 -0.134610 0.990789 1.097900 0.000000 0.000000 0.000000 1.000000
0.997699 0.025223 0.062932 0.000000 -0.032056 0.993408 0.110056 6.498500 -0.059742 -0.111820 0.991931 1.097900 0.000000 0.000000 0.000000 1.000000
0.992462 0.061196 0.106182 0.000000 -0.071165 0.993140 0.092785 6.498500 -0.099776 -0.099642 0.990008 1.097900 0.000000 0.000000 0.000000 1.000000
0.985789 0.091777 0.140698 0.000000 -0.103723 0.991379 0.080054 6.498500 -0.132138 -0.093510 0.986811 1.097900 0.000000 0.000000 0.000000 1.000000
0.984574 0.101427 0.142575 0.000000 -0.115242 0.989048 0.092218 6.498500 -0.131660 -0.107226 0.985479 1.097900 0.000000 0.000000 0.000000 1.000000
0.987079 0.092449 0.130876 -0.000000 -0.107824 0.987412 0.115725 6.498500 -0.118530 -0.128341 0.984621 1.097900 0.000000 0.000000 0.000000 1.000000
0.990030 0.082560 0.114124 0.000000 -0.098392 0.985123 0.140894 6.498500 -0.100794 -0.150718 0.983425 1.097900 0.000000 0.000000 0.000000 1.000000
0.990978 0.092870 0.096634 0.000000 -0.107087 0.982216 0.154219 6.498500 -0.080593 -0.163176 0.983300 1.097900 0.000000 0.000000 0.000000 1.000000
0.989389 0.107671 0.097550 0.000000 -0.122584 0.979033 0.162688 6.498500 -0.077988 -0.172919 0.981844 1.097900 0.000000 0.000000 0.000000 1.000000
0.991800 0.094955 0.085533 0.000000 -0.108812 0.978447 0.175504 6.498500 -0.067024 -0.183372 0.980756 1.097900 0.000000 0.000000 0.000000 1.000000
0.997705 0.057973 0.034971 0.000000 -0.063250 0.982359 0.175986 6.498500 -0.024152 -0.177794 0.983771 1.097900 0.000000 0.000000 0.000000 1.000000</float_array>
        <technique_common>
          <accessor source="#mixamorig_Head-Matrix-animation-output-transform-array" count="23" stride="16">
            <param type="float4x4"/>
          </accessor>
        </technique_common>
      </source>
      <source id="mixamorig_Head-Interpolations">
        <Name_array id="mixamorig_Head-Interpolations-array" count="23">
 LINEAR LINEAR LINEAR LINEAR LINEAR LINEAR LINEAR LINEAR LINEAR LINEAR LINEAR
LINEAR LINEAR LINEAR LINEAR LINEAR LINEAR LINEAR LINEAR LINEAR LINEAR LINEAR LINEAR</Name_array>
        <technique_common>
          <accessor source="#mixamorig_Head-Interpolations-array" count="23">
            <param type="name"/>
          </accessor>
        </technique_common>
      </source>
      <sampler id="mixamorig_Head-Matrix-animation-transform">
        <input semantic="INPUT" source="#mixamorig_Head-Matrix-animation-input"/>
        <input semantic="OUTPUT" source="#mixamorig_Head-Matrix-animation-output-transform"/>
        <input semantic="INTERPOLATION" source="#mixamorig_Head-Interpolations"/>
      </sampler>
      <channel source="#mixamorig_Head-Matrix-animation-transform" target="mixamorig_Head/matrix"/>
    </animation>
    <animation id="mixamorig_LeftShoulder-anim" name="mixamorig_LeftShoulder">
      <source id="mixamorig_LeftShoulder-Matrix-animation-input">
        <float_array id="mixamorig_LeftShoulder-Matrix-animation-input-array" count="23">

0.000000 0.033333 0.066667 0.100000 0.133333 0.166667 0.200000 0.233333 0.266667 0.300000 0.333333 0.366667 0.400000 0.433333 0.466667 0.500000
0.533333 0.566667 0.600000 0.633333 0.666667 0.700000 0.733333</float_array>
        <technique_common>
          <accessor source="#mixamorig_LeftShoulder-Matrix-animation-input-array" count="23">
            <param name="TIME" type="float"/>
          </accessor>
        </technique_common>
      </source>
      <source id="mixamorig_LeftShoulder-Matrix-animation-output-transform">
        <float_array id="mixamorig_LeftShoulder-Matrix-animation-output-transform-array" count="368">

0.115445 0.861318 -0.494776 5.995400 0.016886 -0.499736 -0.866013 13.124500 -0.993170 0.091622 -0.072237 -0.227500 0.000000 0.000000 0.000000 1.000000
0.084634 0.872506 -0.481217 5.995400 0.018170 -0.484221 -0.874757 13.124500 -0.996246 0.065291 -0.056835 -0.227500 0.000000 0.000000 0.000000 1.000000
0.066841 0.879082 -0.471960 5.995400 0.018783 -0.474043 -0.880301 13.124500 -0.997587 0.049976 -0.048197 -0.227500 0.000000 0.000000 0.000000 1.000000
0.045652 0.888493 -0.456613 5.995400 0.019596 -0.457798 -0.888840 13.124500 -0.998765 0.031630 -0.038311 -0.227500 0.000000 0.000000 0.000000 1.000000
0.018122 0.893820 -0.448059 5.995400 0.020360 -0.448370 -0.893616 13.124500 -0.999628 0.007071 -0.026323 -0.227500 0.000000 0.000000 0.000000 1.000000
-0.012902 0.885969 -0.463564 5.995400 0.021858 -0.463242 -0.885962 13.124500 -0.999678 -0.021563 -0.013388 -0.227500 0.000000 0.000000 0.000000 1.000000
-0.021050 0.868962 -0.494431 5.995400 0.024200 -0.493953 -0.869152 13.124500 -0.999485 -0.030261 -0.010631 -0.227500 0.000000 0.000000 0.000000 1.000000
-0.008923 0.853863 -0.520422 5.995400 0.024889 -0.520092 -0.853748 13.124500 -0.999650 -0.020571 -0.016611 -0.227500 0.000000 0.000000 0.000000 1.000000
0.009749 0.836526 -0.547841 5.995400 0.024697 -0.547901 -0.836179 13.124500 -0.999647 -0.005378 -0.026002 -0.227500 0.000000 0.000000 0.000000 1.000000
0.033014 0.819540 -0.572070 5.995400 0.023892 -0.572866 -0.819301 13.124500 -0.999169 0.013380 -0.038493 -0.227500 0.000000 0.000000 0.000000 1.000000
0.072674 0.810189 -0.581647 5.995400 0.020900 -0.584298 -0.811270 13.124500 -0.997137 0.046802 -0.059396 -0.227500 0.000000 0.000000 0.000000 1.000000
0.106231 0.827684 -0.551049 5.995400 0.018290 -0.555718 -0.831170 13.124500 -0.994173 0.078217 -0.074173 -0.227500 0.000000 0.000000 0.000000 1.000000
0.132431 0.847728 -0.513634 5.995400 0.017122 -0.520077 -0.853948 13.124500 -0.991044 0.104295 -0.083389 -0.227500 0.000000 0.000000 0.000000 1.000000
0.143454 0.855941 -0.496776 5.995400 0.016865 -0.504010 -0.863533 13.124500 -0.989513 0.115499 -0.086737 -0.227500 0.000000 0.000000 0.000000 1.000000
0.137906 0.868202 -0.476663 5.995400 0.017185 -0.483286 -0.875294 13.124500 -0.990296 0.112517 -0.081568 -0.227500 0.000000 0.000000 0.000000 1.000000
0.136804 0.877984 -0.458725 5.995400 0.017436 -0.465142 -0.885065 13.124500 -0.990445 0.113082 -0.078942 -0.227500 0.000000 0.000000 0.000000 1.000000
0.174401 0.872792 -0.455871 5.995400 0.016801 -0.465537 -0.884869 13.124500 -0.984531 0.146663 -0.095854 -0.227500 0.000000 0.000000 0.000000 1.000000
0.191346 0.865231 -0.463423 5.995400 0.017091 -0.475013 -0.879813 13.124500 -0.981374 0.160428 -0.105679 -0.227500 0.000000 0.000000 0.000000 1.000000
0.186251 0.858655 -0.477518 5.995400 0.016603 -0.488703 -0.872292 13.124500 -0.982362 0.154537 -0.105277 -0.227500 0.000000 0.000000 0.000000 1.000000
0.188998 0.846070 -0.498443 5.995400 0.014535 -0.509945 -0.860084 13.124500 -0.981870 0.155309 -0.108676 -0.227500 0.000000 0.000000 0.000000 1.000000
0.191172 0.836401 -0.513699 5.995400 0.012342 -0.525359 -0.850791 13.124500 -0.981479 0.156307 -0.110756 -0.227500 0.000000 0.000000 0.000000 1.000000
0.163366 0.842432 -0.513440 5.995400 0.013679 -0.522316 -0.852643 13.124500 -0.986471 0.132270 -0.096852 -0.227500 0.000000 0.000000 0.000000 1.000000
0.115445 0.861319 -0.494776 5.995400 0.016886 -0.499736 -0.866013 13.124500 -0.993170 0.091622 -0.072237 -0.227500 0.000000 0.000000 0.000000 1.000000</float_array>
        <technique_common>
          <accessor source="#mixamorig_LeftShoulder-Matrix-animation-output-transform-array" count="23" stride="16">
            <param type="float4x4"/>
          </accessor>
        </technique_common>
      </source>
      <source id="mixamorig_LeftShoulder-Interpolations">
        <Name_array id="mixamorig_LeftShoulder-Interpolations-array" count="23">
 LINEAR LINEAR LINEAR LINEAR LINEAR LINEAR LINEAR LINEAR LINEAR LINEAR LINEAR
LINEAR LINEAR LINEAR LINEAR LINEAR LINEAR LINEAR LINEAR LINEAR LINEAR LINEAR LINEAR</Name_array>
        <technique_common>
          <accessor source="#mixamorig_LeftShoulder-Interpolations-array" count="23">
            <param type="name"/>
          </accessor>
        </technique_common>
      </source>
      <sampler id="mixamorig_LeftShoulder-Matrix-animation-transform">
        <input semantic="INPUT" source="#mixamorig_LeftShoulder-Matrix-animation-input"/>
        <input semantic="OUTPUT" source="#mixamorig_LeftShoulder-Matrix-animation-output-transform"/>
        <input semantic="INTERPOLATION" source="#mixamorig_LeftShoulder-Interpolations"/>
      </sampler>
      <channel source="#mixamorig_LeftShoulder-Matrix-animation-transform" target="mixamorig_LeftShoulder/matrix"/>
    </animation>
    <animation id="mixamorig_LeftArm-anim" name="mixamorig_LeftArm">
      <source id="mixamorig_LeftArm-Matrix-animation-input">
        <float_array id="mixamorig_LeftArm-Matrix-animation-input-array" count="23">

0.000000 0.033333 0.066667 0.100000 0.133333 0.166667 0.200000 0.233333 0.266667 0.300000 0.333333 0.366667 0.400000 0.433333 0.466667 0.500000
0.533333 0.566667 0.600000 0.633333 0.666667 0.700000 0.733333</float_array>
        <technique_common>
          <accessor source="#mixamorig_LeftArm-Matrix-animation-input-array" count="23">
            <param name="TIME" type="float"/>
          </accessor>
        </technique_common>
      </source>
      <source id="mixamorig_LeftArm-Matrix-animation-output-transform">
        <float_array id="mixamorig_LeftArm-Matrix-animation-output-transform-array" count="368">

0.915809 0.152910 0.371365 0.000000 0.091055 0.821549 -0.562820 12.641700 -0.391155 0.549250 0.738459 -0.000000 0.000000 0.000000 0.000000 1.000000
0.886566 0.181545 0.425490 0.000000 0.077014 0.849018 -0.522722 12.641700 -0.456146 0.496196 0.738729 0.000000 0.000000 0.000000 0.000000 1.000000
